0.159327
0.134779
-0.105953
0.046885
-0.0381951
-0.0206336
-0.0790891
-0.068868
0.402432
-0.0372477
-0.175031
0.153881
-0.0255145
-0.0972057
-0.391378
-0.140808
0.107542
-0.260303
0.0604557
0.128615
-0.0710309
-0.0107475
-0.158054
-0.189808
-0.137104
0.0751174
0.0724951
0.0864295
0.035659
-0.070983
-0.0171787
-0.212499
-0.34568
-0.447546
0.176993
0.0971961
-0.259241
0.0675951
-0.154934
0.0912146
-0.417993
-0.418175
0.440636
-0.0542445
-0.251192
0.214681
0.259623
-0.130242
-0.213188
-0.144895
-0.145182
-0.00484258
0.122931
-0.126108
-0.0497273
0.169356
-0.176122
-0.0510576
-0.0231984
-0.0402432
0.0695188
-0.0530387
0.0665807
0.176926
-0.0913199
-0.0544168
0.213466
-0.111992
0.155096
0.484679
0.170687
0.00224902
0.0313141
0.158169
-0.0722463
-0.21895
-0.105896
-0.00153125
0.0259068
0.00818262
0.110374
-0.0294287
0.0112451
0.230625
0.191779
0.0181453
-0.103914
0.19511
0.168447
-0.116088
-0.0591732
-0.12785
0.0882096
0.0808117
-0.0957893
0.334683
-0.129151
0.38198
0.296029
-0.157068
1.03049
-0.939116
-0.388851
1.34148
-1.4384
-1.7151
1.35131
0.870812
-1.26186
0.611945
1.5642
-0.0267873
-1.19167
0.0243564
0.870008
-0.65505
-0.843996
0.352829
0.67798
-0.321591
-0.259719
-0.053699
-0.0689445
0.51895
0.393531
-0.365117
0.0335439
0.839604
-0.520472
-0.331956
0.270237
-0.423697
-0.221342
-0.443833
0.499637
-1.35318
1.4763
0.966094
-5.4482
4.46529
0.150187
-3.70616
5.99971
-2.50037
-0.446551
2.24815
-1.26773
0.00618242
-1.84382
1.51675
-0.832502
-1.97352
1.44872
-0.119753
-0.559634
0.349249
0.762754
-0.0294096
-0.820071
1.01503
0.891274
-2.30914
0.27751
1.29059
-1.84349
0.909735
0.964286
-1.61944
0.0947174
0.228941
0.589101
0.532999
-0.801715
0.666754
-0.303704
-1.08272
0.708739
-0.0957414
-0.828665
0.040425
0.521343
0.0437842
-0.126634
0.860687
-0.150943
-1.08732
0.914596
0.0315916
-0.854552
0.931756
-0.205743
-0.670908
0.515055
-0.0577186
-0.443134
0.0887359
0.255508
0.0357451
0.038042
0.128893
0.357499
0.0138578
-0.318644
0.246589
-0.0458131
-0.345498
0.345613
0.0925928
-0.437603
0.372486
0.645967
-0.344053
-0.0701887
0.754992
0.0449805
-0.496623
-0.154494
0.00764668
-0.0203561
-0.182075
-0.151412
-0.0335727
0.19354
0.373443
0.036884
0.0659395
0.364801
0.345775
-0.0126902
-0.252589
0.250474
0.256437
-0.334415
-0.0966793
0.103599
-0.308614
-0.134721
0.0289885
-0.302843
0.0564457
0.40848
0.246713
0.324022
0.265002
0.137037
-0.0052541
-0.338186
-0.148656
-0.104575
-0.38063
0.188296
0.268533
-0.213753
0.0964305
0.254388
-0.128367
-0.117466
0.166227
-0.0127285
-0.160686
-0.0631354
0.100067
-0.251517
-0.527841
0.0821133
0.182286
-0.217141
-0.258073
0.480344
0.587081
-0.32697
-0.434894
0.24054
0.44768
-0.553815
-0.493771
0.399321
0.137143
-0.243832
-0.222605
0.0404633
-0.114298
-0.231238
-0.139468
-0.0443201
0.349087
0.0620348
-0.367261
0.0630875
0.224175
-0.401427
-0.42251
0.10781
0.0908127
-0.215476
-0.051517
0.399321
0.265796
-0.115217
0.126424
0.230673
-0.147861
0.00285195
-0.116863
-0.114844
0.212595
-0.21136
-0.298546
-0.0482822
0.105455
0.0625516
-0.0541967
0.219323
0.525573
0.198077
-0.153498
0.247775
0.147048
-0.649355
-0.494785
0.643412
0.176898
-1.01417
0.0255623
0.999724
-0.104345
-0.754916
0.371079
0.827133
-0.135104
-0.560897
0.23187
0.726013
-0.36149
-0.813917
0.293196
0.394986
-0.451977
-0.216404
0.616386
0.205867
-0.512615
0.0503207
0.277329
0.0591445
-0.234865
-0.0250072
0.472257
-0.337727
0.470027
0.0802758
-0.843049
0.848236
0.4087
-1.07456
-0.300709
1.15582
-0.0407982
-0.956103
0.221046
1.03372
-0.570994
-1.22662
0.479894
0.182688
-0.280506
-0.542646
0.843269
1.05138
-0.893819
-0.154101
0.07439
-0.0038377
0.221792
-0.311207
-0.313772
0.0768113
0.381358
-0.475568
0.103034
0.198
0.204795
0.446091
-0.791197
1.02772
-1.49257
2.53999
-0.290756
-5.53984
7.07287
-4.52209
-2.62112
7.0352
-5.49915
1.73467
2.25256
-0.338885
0.0665902
-2.02993
1.27565
-0.859299
-0.681014
0.411504
0.317581
-0.35815
0.31849
1.09849
-0.349728
-0.861472
0.96262
0.313322
-2.32049
1.74674
0.70048
-2.16576
2.10468
-0.288066
-2.04515
1.33153
-0.217361
0.0610586
0.719841
-0.601188
0.797063
-0.55259
-1.11011
0.802968
-0.11247
-0.51784
0.135784
0.497695
0.235784
-0.240253
0.551307
-0.561988
-0.689263
0.981589
-0.660122
-0.381281
1.02432
-0.420855
-0.146981
0.59
-0.566735
-0.268103
0.400632
-0.178773
0.453499
0.341612
-0.0360227
0.344656
-0.446905
-0.13697
0.384085
-0.357949
-0.207025
0.396431
-0.0424635
-0.236396
0.313724
0.00917793
-0.294679
0.0249785
0.190277
0.185779
0.0136281
0.140368
0.396259
-0.178209
-0.604394
0.182018
0.393809
-0.3822
-0.209226
0.326051
0.0431047
-0.0611543
0.125936
-0.0243564
-0.0966219
0.237267
0.296048
-0.00242129
0.0105752
0.187645
0.0288354
-0.269835
-0.332731
-0.229936
0.05479
-0.167662
-0.00366543
0.305456
-0.348838
0.165385
0.260504
-0.649087
-0.0572687
0.168476
-0.38086
0.144493
0.395627
-0.206336
-0.0561012
0.133066
-0.0791465
-0.0975885
-0.192047
0.105733
0.078266
-0.204795
0.0365969
-0.122471
-0.0973875
0.023476
-0.0903246
0.0216768
0.219313
0.389186
0.0231697
-0.0839221
0.0488756
-0.0699973
-0.401168
-0.370897
0.1764
-0.1332
-0.072677
0.313753
0.0466457
-0.00891953
0.302307
0.388277
-0.147038
-0.0876162
0.376726
0.0443393
-0.418404
0.149287
0.210059
-0.644417
-0.229515
0.249221
-0.119648
-0.162131
0.153661
0.282056
0.130596
0.0642742
0.17863
-0.0294766
-0.0299455
0.16838
-0.129697
-0.0443105
0.205408
0.0875875
-0.161997
0.0370658
0.234903
0.00669922
0.182554
0.296058
-0.0106039
-0.0290937
0.0591254
-0.221036
-0.180707
-0.138329
-0.109571
0.0119533
-0.0122691
0.167758
0.175539
0.112767
-0.0474783
0.0587521
-0.0752705
-0.458762
0.0857309
0.170352
-0.516864
-0.294976
0.352417
-0.0345967
-0.471682
0.165796
0.698623
-0.0866018
-0.606059
0.429123
0.482047
-0.675042
-0.628023
0.430262
0.0807064
-0.783588
0.118021
0.224567
0.0803715
-0.479444
0.12384
0.780746
-0.828703
0.448599
-0.25168
0.055393
0.715563
-0.92766
0.467328
0.181214
0.0556896
-0.214921
-0.273596
0.365576
0.0307303
-0.17886
-0.178458
0.692584
0.0471242
-0.72765
-0.0236387
0.596699
-0.257575
-0.186506
0.357901
0.184975
0.126156
-0.309619
0.447173
-1.00739
0.763213
-0.0627525
-0.710701
1.48332
-2.54049
5.47176
-4.75357
-2.85071
9.80593
-10.7268
3.43954
4.86001
-5.88052
4.10977
0.147986
1.41455
-3.75833
0.559567
1.90986
-3.69101
1.37525
0.297063
0.243469
0.061451
0.573683
1.34476
-1.35158
-1.30446
2.95191
-0.725516
-3.59375
3.11197
-0.300824
-2.65914
2.32316
-0.817046
-1.22089
1.18217
-0.268179
0.655796
-0.0011293
-0.256054
0.318232
-0.767663
0.0314768
-0.124165
-0.488631
0.0339746
0.0998949
0.632885
-0.315983
0.0764381
1.30671
-1.37456
-0.380324
1.56374
-0.896432
-0.163432
0.974602
-0.26437
-0.114088
0.0511246
-0.803744
-0.107542
0.338913
-0.436569
0.00346445
0.20759
0.222031
0.037573
-0.537947
0.0324051
0.305494
-0.325936
-0.144607
0.453863
0.151
-0.276276
0.222022
0.175701
-0.228663
0.333219
0.177319
-0.123534
-0.00289023
-0.128347
-0.0486172
-0.0674994
-0.0514404
-0.0995121
0.0273615
0.127333
0.287961
0.323965
-0.0580918
0.213466
0.26594
0.0072543
-0.0455451
0.0839508
0.216969
-0.0233994
0.0765434
-0.0431143
-0.107838
0.120079
-0.201847
-0.166677
0.268983
0.0628004
-0.162887
0.220471
-0.0994738
-0.148024
0.104422
-0.425353
0.226711
0.226721
-0.218069
0.509246
0.0688967
-0.1265
0.236195
-0.0400613
0.00844102
0.0680736
-0.104967
-0.0494785
-0.0338693
-0.169308
-0.0463395
-0.0164035
0.0107379
0.106757
0.108814
0.182305
-0.0887934
-0.0212844
0.21337
-0.13787
-0.136396
-0.0421477
-0.0436119
-0.132128
-0.270725
-0.240339
-0.227572
-0.0679875
-0.26839
-0.192306
0.0166523
0.0144225
0.0547805
-0.182678
-0.0701121
0.136521
-0.053967
-0.204747
0.0594221
0.0392861
-0.0707916
-0.0389416
-0.0535459
0.110556
0.0110346
-0.0379941
-0.0351039
0.0751557
0.00915879
-0.357537
-0.100058
0.0868027
-0.192622
-0.0959424
0.0880182
0.247479
0.311629
0.156293
0.298144
0.217916
0.196153
0.113628
-0.225745
-0.114949
-0.14812
-0.172897
-0.249077
-0.227467
0.0501006
0.0651738
0.164963
0.262437
0.327544
0.455088
0.372161
-0.0663605
-0.0484258
0.180793
-0.157058
-0.302747
-0.0154178
0.27352
0.0527229
0.0599771
0.478171
0.255604
-0.050627
0.224079
0.487071
0.0117906
-0.319859
0.142751
0.195971
-0.267519
-0.266619
0.241909
-0.0846781
-0.0331516
0.355154
-0.183147
0.36749
-0.14566
-0.200977
0.238999
-0.725659
0.161327
0.146282
-0.204824
-0.019868
-0.117045
0.124768
-0.198029
-0.142454
-0.094057
-0.0319553
-0.276391
-0.368677
-0.104575
-0.157058
-0.372917
-0.330568
0.132185
-0.0510959
0.0451623
-0.136721
0.307169
0.185415
-0.555911
0.691934
-0.611275
0.598939
-0.976392
0.124921
0.448857
-2.52096
5.46408
-7.90353
1.43165
8.46985
-13.1098
7.50607
3.11409
-5.71403
3.63721
0.00326348
1.75567
-4.71592
1.27716
1.37845
-2.93866
0.733086
-0.609208
1.07588
0.221352
0.458743
1.51111
-0.872257
-0.756131
2.80137
-1.70562
-2.6297
3.58736
-1.32758
-1.69363
3.05337
-1.02935
-0.982651
1.72097
-0.116576
0.133209
0.179147
0.0634512
0.750533
-0.842092
0.0206336
0.977588
-0.347737
-0.238425
0.0554791
1.00938
-0.538914
-0.363021
1.73855
-1.43357
-0.263691
1.33402
-1.08298
0.250886
0.710069
-0.839498
-0.198316
0.464342
-0.382047
-0.0213131
0.0550389
-0.0615754
0.621611
-0.230702
0.271826
0.744446
-0.733574
-0.197311
0.15547
-0.535516
-0.0334004
0.220213
-0.162226
-0.22986
0.336722
-0.0325869
-0.273204
0.440368
-0.0436215
-0.277587
-0.120615
-0.26303
-0.0877598
-0.297752
-0.323888
-0.0819219
-0.121036
-0.0717104
0.174725
0.003675
-0.145756
0.254723
0.271261
-0.130769
-0.239468
0.105168
-0.243354
-0.579138
0.0265672
-0.0648867
-0.504738
-0.0913391
0.264007
0.0538713
0.0829076
-0.0806395
0.0360035
0.239526
-0.315103
-0.112269
-0.0510959
-0.187827
0.0663701
-0.413973
-0.156522
0.256848
-0.323122
-0.173471
0.338607
0.1724
0.2107
0.37752
0.0996748
0.137688
0.0659969
-0.0963348
0.105465
-0.0884584
-0.0460045
0.193636
-0.0131496
-0.0982871
0.112614
0.125601
-0.0416309
-0.072409
-0.0466266
0.231841
0.251297
0.299828
0.260045
-0.066351
0.393455
0.0082209
-0.493933
0.0302996
0.0930426
-0.0376783
0.0769645
0.548283
0.163911
-0.348178
-0.0370754
0.162159
0.0307398
-0.344445
0.173003
0.459643
0.167375
0.126271
-0.186956
-0.1234
-0.0546656
-0.22896
-0.0853385
0.00544551
0.0298785
0.0124797
0.0246531
0.0383482
-0.145813
-0.0371232
-0.00481387
0.0115514
-0.00844102
-0.195904
0.0940092
-0.0847068
-0.2949
0.00668965
0.0191598
-0.0460523
-0.0847164
0.0419084
-0.0717869
-0.236138
-0.0465213
-0.176524
-0.179262
-0.167021
-0.116069
0.134626
-0.0888125
0.0687914
0.159298
0.00978086
0.0942772
0.0204613
0.0345871
-0.0489426
0.0516127
-0.0724568
-0.21693
-0.0244617
0.139392
-0.053565
-0.401427
0.178381
0.268572
0.0271318
0.245689
0.0564936
-0.00844102
0.111207
0.0281846
-0.208796
-0.175854
0.173357
0.294727
-0.0385396
-0.0918271
0.246943
0.234645
-0.051517
0.0331707
0.313389
0.0528951
-0.168552
0.0605322
0.175864
-0.157585
-0.257288
0.0220883
0.101637
0.036884
-0.0365203
0.148196
0.209599
-0.0456408
0.136846
0.0591062
0.0298115
0.214557
-0.455298
0.624195
-0.685866
0.367232
0.292172
-1.10416
2.15175
-3.11904
5.2
-3.3126
-4.51505
12.5438
-13.3328
1.00784
8.92244
-8.02249
3.75145
-0.535488
3.4634
-2.72448
-3.42698
3.30078
-2.14744
0.676315
-1.38602
0.828272
1.28186
-0.772315
0.78423
-0.6468
-1.37615
2.08556
0.259422
-3.0664
2.57384
0.389215
-2.47186
2.00287
-0.297359
-1.46378
1.3407
-0.0801992
-0.300336
-0.0297254
-0.39134
0.487847
-1.92203
0.126127
0.745977
-0.939317
2.17407
-1.1085
0.619419
1.61608
-1.50501
0.56662
-1.63377
0.523879
0.748781
-2.39288
0.878937
1.35782
-0.847882
-0.61852
0.804509
0.155757
-0.619448
0.238148
0.122127
-0.0157049
0.0248541
0.217964
0.348532
-0.382602
0.44101
0.127926
-0.767845
0.639354
0.678784
0.0454303
0.212892
0.130348
-0.492594
-0.287722
0.338167
-0.401522
-0.351431
0.533315
0.353298
0.0659299
0.194096
0.52853
0.278936
-0.197694
0.295665
0.278161
0.0801035
-0.0970047
-0.44344
-0.293445
-0.199608
-0.143382
-0.36883
-0.0518041
0.436942
0.319658
0.133793
0.126558
0.424415
-0.0968516
-0.22851
0.478697
-0.151431
-0.309064
0.442177
-0.0804385
-0.433382
0.0708395
0.246589
0.0550676
-0.34501
-0.0296393
0.675454
0.0955691
-0.604968
-0.0122404
0.274697
-0.239459
-0.305819
-0.244789
-0.0227008
-0.0252656
-0.235736
0.115485
0.113054
0.0537469
0.0712797
-0.0745432
-0.116318
-0.172926
-0.126768
-0.00703418
0.0630971
-0.100747
-0.225544
-0.100565
-0.0497848
-0.206422
-0.213447
-0.0587139
0.0787158
-0.0407025
-0.116279
0.113877
0.0378697
0.0767061
-0.0862477
-0.100507
0.341392
-0.0102402
-0.0570199
0.0504355
-0.0896356
0.0900471
-0.123036
0.0249115
0.158638
-0.251967
-0.227639
0.0197436
-0.102096
-0.344991
-0.0163078
0.258695
0.0832234
-0.275721
-0.0571348
0.636416
-0.0112834
-0.420644
0.235478
0.518797
-0.0255814
-0.425324
0.235879
-0.0286918
-0.300728
-0.00788594
0.0400326
0.287703
0.113102
0.12583
0.242397
0.259556
0.203034
0.0955309
0.154943
0.0770984
-0.0688488
-0.131104
0.0523975
0.0363289
-0.117485
0.00535937
0.215322
0.0912625
0.0374773
0.247421
0.0534215
0.00537852
-0.0408844
-0.101924
0.0738445
-0.0907744
-0.170237
-0.11538
0.0523687
0.218165
0.042674
-0.0293713
0.00536895
0.055948
0.108154
-0.0918941
-0.185741
0.149555
0.0635277
-0.287645
0.110049
0.15859
-0.24833
-0.170045
0.23119
0.336454
-0.395991
-0.353489
0.403599
0.0631832
-0.545891
-0.230616
0.388583
0.0199445
-0.426893
0.0921047
0.220979
-0.200527
-0.260571
0.0103168
0.0567137
0.00995313
-0.41896
-0.195818
0.254293
-0.760687
0.25258
-0.483588
0.274429
0.00865156
-0.401216
3.00116
-4.65255
3.3331
2.63052
-9.47303
5.97681
1.24395
-3.22999
1.19313
0.509198
2.93129
-3.87891
-0.136348
0.152235
-0.382334
0.70227
-1.40658
2.61026
0.45236
-0.441182
0.352829
-0.929756
-0.160054
1.01001
-0.616874
-0.844542
1.37952
-0.749738
-0.280066
1.0869
-0.603676
-0.0455834
0.73299
0.555652
-0.976459
1.00555
0.708548
-3.17123
1.56621
0.946887
-1.87299
2.76779
-0.346244
-1.51659
2.30352
-0.14121
-0.558667
-0.146675
-0.371395
0.213217
-0.550274
0.0629727
-0.114346
0.435468
0.273615
-0.133611
0.60894
-0.728731
0.636225
0.56261
-1.77309
0.566476
0.713055
-0.903083
0.821583
0.549078
-0.854256
-0.524539
0.141861
0.615668
-0.189741
-0.333717
0.509744
-0.632224
-0.687866
0.617276
-0.474343
-0.891455
-0.0490479
0.258485
0.278448
-0.313868
0.0511438
0.0564936
-0.38866
0.114518
-0.340301
-0.101168
0.426558
-0.660218
-0.440215
0.414299
-0.270246
-0.807897
-0.256963
0.348838
0.00704375
-0.466112
0.071452
0.389655
-0.145163
-0.247316
0.166705
-0.110958
-0.418137
0.243698
0.164992
-0.184831
0.422979
0.291828
-0.0754141
0.23231
0.119734
-0.00754141
0.204833
-0.0384822
-0.0993398
0.277721
0.0427219
-0.138262
0.0808117
0.00379941
0.0368457
0.0688775
0.137927
0.458255
0.362275
0.0151785
-0.0571635
0.102067
0.239822
0.096641
0.0746867
0.456456
0.465155
0.199053
0.111044
0.0278305
0.324587
0.131295
-0.292163
0.288382
0.329027
-0.104144
0.162896
-0.053077
-0.175845
0.255307
-0.0579961
0.00361758
0.361423
0.270792
0.221036
0.142617
0.169146
0.0350273
-0.0655279
-0.177596
-0.334463
-0.311686
-0.197531
-0.0564744
-0.027218
0.0306441
-0.217906
-0.202077
0.0741986
-0.10468
-0.185042
-0.165432
-0.144062
-0.244493
-0.223323
-0.149546
-0.419275
-0.294498
0.0329697
-0.103044
-0.212968
0.0419371
0.234559
-0.0221744
-0.383722
-0.149421
-0.0968324
-0.424845
-0.276486
-0.0795006
-0.117552
-0.141239
-0.00925449
-0.0851088
-0.173835
0.0660447
0.0558045
-0.0413055
0.190315
0.0478994
-0.244474
0.0210451
-0.0378697
-0.305063
-0.281683
-0.127486
-0.0653557
-0.156618
-0.0813572
0.0582641
0.167146
0.11983
0.1332
0.184563
0.21783
-0.0402145
-0.103168
0.325697
0.185836
-0.0339555
-0.00678535
0.125295
0.118835
-0.0483971
0.0175137
0.268696
0.279635
-0.118385
0.0682938
0.492335
0.140262
-0.225946
0.22473
0.405705
0.0138195
-0.00414395
0.114652
0.25925
0.103924
0.0698346
0.195579
-0.0562256
0.215523
0.145507
-0.0292947
-0.0899514
0.0309025
0.162341
-0.374458
0.400403
-0.035927
0.607763
0.568687
-2.17045
2.14436
0.862783
-4.40039
2.01461
2.1883
-2.04049
-0.113207
1.44503
1.17661
-1.94578
-0.773492
1.05172
-0.430032
-0.50671
-0.351546
0.991657
0.406757
-0.536368
-0.302661
-0.475147
0.383961
0.347067
-0.602805
-0.431525
0.732368
-0.162045
-0.768353
0.274218
-0.383128
0.00788594
-0.129429
0.0786488
-0.702719
-0.357078
2.3653
-4.02436
0.170122
3.40561
-4.83499
3.55535
1.2152
-3.51684
2.80351
-0.30782
-0.102182
-1.10363
-0.749901
1.05646
-1.50454
0.246665
0.648236
-0.721946
0.0844676
0.861883
-0.155699
-1.04709
0.704432
1.11773
-1.77079
-0.32207
1.88701
-1.371
0.169232
2.00169
-1.3194
-0.185415
0.567146
-0.336435
1.11434
-0.283588
-0.340483
0.758859
-1.09819
-0.3205
0.836656
-0.140655
-0.231515
0.292306
0.889407
0.273433
-0.108575
0.327276
-0.519323
0.00031582
0.379894
-0.466017
0.498987
0.107963
-0.606643
0.3459
0.166495
-0.261509
0.0778928
0.189942
0.23209
0.420347
-0.0749834
0.0924875
0.251422
-0.494067
-0.114126
0.0833
-0.121218
0.30291
0.276754
-0.300029
-0.055326
0.221093
-0.37241
0.0126424
0.112327
-0.271031
0.369998
0.131955
-0.378783
0.0509236
0.0259164
-0.194325
-0.0190832
-0.175012
-0.153613
0.195426
0.023342
-0.237382
-0.183367
0.0926215
-0.127256
-0.499073
-0.220892
0.216433
0.236454
-0.209753
0.122653
0.360925
-0.351632
-0.525793
0.112997
0.30514
-0.428951
0.0371424
0.611926
-0.176936
-0.0652887
-0.186774
-0.457136
0.152264
-0.207484
-0.0314002
0.426444
-0.0368553
0.253623
0.151661
-0.32586
0.0833861
0.160906
-0.0391713
0.280898
0.170572
-0.0521295
0.00611543
-0.106269
-0.256791
-0.482133
0.151402
0.198708
-0.0902576
0.452934
0.164495
0.0199637
0.019868
-0.148675
-0.184784
-0.111858
0.159135
0.0371807
0.140291
0.169787
0.104919
0.0747346
-0.0860562
0.267758
0.28954
-0.162246
-0.0465213
0.558523
0.0670687
-0.716749
0.0412959
0.328319
-0.437239
-0.421859
0.438588
0.312767
-0.291684
0.337775
0.626645
-0.00176094
-0.124567
0.283166
0.115705
-0.260169
0.00465117
0.0474783
-0.305437
-0.219275
-0.1216
-0.445709
-0.0920186
0.17528
-0.114356
0.13364
0.350053
0.46796
-0.155699
-0.215533
0.357796
-0.303944
-0.211083
0.148436
-0.0284238
-0.242158
-0.201972
0.0701695
-0.322386
-0.227582
0.208757
0.153718
-0.158867
-0.101704
0.26593
-0.11448
-0.344493
-0.00771367
0.154245
-0.257183
-0.27662
0.350513
-0.248972
-0.487493
0.0521295
0.0584938
-0.0827354
-0.410404
0.321094
0.0288066
-0.257087
0.144454
-0.158417
1.07995
-0.716721
-0.862984
1.70734
-0.472084
-1.44759
0.473319
1.03647
-0.416328
-0.788632
0.982833
1.07276
-1.01947
-0.69624
0.499178
0.173414
-0.442541
-0.371883
1.25229
0.483521
-0.522003
-0.0648676
-0.133362
0.142014
0.189875
-0.253776
-0.116251
0.498498
-0.0841709
0.268706
-0.258245
0.566304
0.0254283
-0.457614
1.35815
-2.01916
3.72777
-2.8995
-3.34821
8.31036
-7.82947
1.76967
5.47073
-6.82492
4.23714
0.509054
-0.6615
-0.278037
-0.827239
1.28168
-2.54286
0.540493
1.21961
-0.934828
-0.193799
1.22197
0.717199
-1.12402
-0.41983
1.85251
-1.32798
-2.261
2.68126
-0.935211
-1.59997
2.83124
-1.27907
-1.40757
1.4707
-0.451728
0.672697
0.110604
-0.49868
1.25534
-1.08322
-0.856074
0.640895
-0.580171
-0.291521
0.0725717
0.130424
0.0336014
0.448522
0.716998
-1.36253
-0.206805
1.32875
-1.19307
-0.405217
1.10144
-0.519773
-0.458523
0.244684
-0.503398
-0.0189492
0.0598336
-0.572678
0.607868
0.609351
-0.0551824
0.040023
-0.292469
0.176323
0.132424
-0.887819
-0.258379
0.324989
-0.29845
-0.0686574
0.268887
0.057508
0.0348934
0.287808
0.180984
-0.0305484
0.285712
0.18286
-0.00345488
0.0126998
-0.0563979
-0.0865826
-0.305934
-0.174237
-0.0506461
0.071873
0.13475
0.0842283
0.206058
-0.0994068
0.0414873
0.317084
-0.0152742
-0.105197
0.29445
0.0685522
-0.331506
0.209264
0.0758639
-0.0831852
0.278113
0.0113312
0.1479
0.356686
-0.236195
-0.20736
0.318366
-0.127831
-0.232635
0.0687627
0.124328
0.272993
-0.125993
-0.0292564
0.250685
-0.0795197
-0.0370371
0.245689
0.339143
0.194019
0.0274477
-0.0312758
-0.0427602
-0.197522
-0.157039
0.012585
-0.0978182
0.218194
0.0840273
-0.290899
0.185377
0.014298
-0.296756
0.0338311
0.0857787
-0.173338
-0.0262227
0.156025
-0.148771
-0.240961
-0.152886
0.201455
-0.0519572
-0.379683
0.162293
0.166485
-0.085683
-0.0988422
0.0394488
-0.0391904
-0.221084
-0.158819
-0.166064
-0.143957
-0.105781
-0.113293
-0.214538
0.02049
0.0976937
-0.122002
0.19355
0.19355
-0.152044
0.0544264
0.138061
-0.187607
-0.126204
-0.23831
-0.322711
-0.0431621
-0.194612
-0.116576
0.0503207
0.186391
0.269739
0.207714
0.122385
-0.0884105
0.210288
-0.00726387
-0.29846
-0.0454877
-0.0499857
-0.00400996
-0.232865
0.0612883
0.353881
-0.219629
0.0788689
0.599303
0.128769
-0.198105
0.191674
0.242866
-0.139526
-0.0107666
0.0994355
-0.0281941
-0.0487703
-0.0264715
0.0774334
0.0633459
-0.0237248
0.194038
0.107513
-0.0381377
0.12162
0.0154273
0.0779885
-0.152235
0.440464
0.00253613
-0.190995
0.467309
-0.341363
0.535153
-0.604327
-0.176754
0.667883
-0.612222
0.312327
-0.0101158
0.148378
-0.374927
-0.315437
0.137975
-0.0941432
0.108365
-0.217227
0.70471
0.376123
-0.637747
-0.290985
0.426587
-0.179242
-0.491962
-0.082965
0.00849844
0.145746
-0.49424
0.532329
-0.737498
0.247249
0.493206
-1.08055
1.71892
-2.22827
4.11367
-2.98819
-4.74019
10.1995
-9.39059
0.387913
7.23489
-6.4055
2.94205
0.301723
1.64706
-2.90482
-1.23799
3.49821
-3.32835
0.101321
1.14809
0.243296
-0.750686
0.402805
1.48947
-0.977378
-1.22469
2.22131
-0.25792
-3.25754
2.94214
-0.214796
-2.79133
2.98304
-0.265538
-1.94971
1.54646
0.397436
0.25882
0.288487
-0.441603
0.40001
-0.47351
-0.607638
0.291272
0.207858
-0.372831
-0.478592
1.02111
0.319773
-0.562342
1.13618
-0.739555
-0.525324
1.55243
-0.952696
-0.111896
1.33853
-0.567041
-0.437851
0.523142
-0.347067
-0.378247
0.34166
-0.371156
0.193292
0.379951
-0.227171
0.357824
-0.226797
-0.173395
0.332846
-0.330807
-0.0180305
0.355595
-0.141564
-0.303101
0.292545
0.0421955
-0.510117
0.280133
0.184525
-0.302288
0.266466
0.132606
-0.370285
-0.0756437
0.229085
-0.135353
-0.246809
0.0202125
-0.0368744
0.00747441
-0.0764285
0.0278783
0.127113
-0.204441
-0.0529812
0.0634512
-0.0319553
-0.143153
-0.0768879
0.0479664
-0.0141641
0.101225
-0.133391
-0.0635469
0.189674
-0.243909
-0.225448
0.198373
0.00581875
-0.0644656
0.101062
-0.224165
-0.0270936
0.0931574
-0.275032
-0.00752227
0.103742
-0.0267299
0.0981914
0.0624941
0.0417457
0.195158
-0.0977799
-0.160762
0.0463873
-0.157365
-0.0877119
-0.103579
-0.0708586
0.132922
-0.0217533
0.134779
0.349297
0.136454
0.132252
0.1804
0.119466
0.00609629
-0.0515936
0.142368
-0.0591637
-0.144263
-0.0432578
0.00650781
0.0507897
-0.217208
0.0107953
0.132386
0.0496986
0.28553
0.0776631
0.0692412
0.236071
-0.159183
-0.17017
-1.91406e-005
0.0189109
0.0347977
-0.098402
0.277338
0.130692
-0.0240502
0.272668
-0.0175424
0.18197
0.159996
-0.123591
-0.0803332
-0.0630396
-0.140492
-0.246397
0.175577
-0.0372764
0.0170926
0.422654
0.0103646
0.0512395
0.103867
0.0511916
-0.182755
-0.243507
0.00806777
-0.277874
-0.205647
-0.139899
-0.137889
-0.0446646
-0.129075
0.0215428
-0.00145469
0.0324338
0.00907266
-0.131554
-0.104537
-0.114126
-0.15991
-0.348895
-0.134377
0.150972
-0.117945
-0.141287
0.155805
0.0165949
-0.253431
0.0189875
0.161738
-0.256695
-0.195196
0.283875
-0.0703514
-0.33943
-0.131085
0.207303
0.172534
-0.276879
0.208575
0.070093
0.00896738
-0.13163
-0.104728
0.311581
-0.720013
0.187186
0.419792
-0.507255
0.0835775
0.277367
0.303714
-0.0217916
0.159671
0.373558
0.164963
-0.0065748
-0.0608768
0.167844
-0.156886
-0.261585
0.0547326
0.11427
-0.108633
0.150436
0.27218
0.318366
0.3813
-0.169825
0.837115
-0.566907
0.626645
-0.107207
-0.558141
1.79819
-3.15492
5.68309
-4.57589
-2.89004
11.2602
-12.6717
3.36344
6.64944
-7.34965
3.65117
0.261604
2.12318
-3.81709
-0.434454
2.26956
-3.35763
0.894078
-0.200355
0.733459
0.606365
0.267624
0.936962
-0.829354
-1.27447
2.07179
-0.763366
-3.42682
3.08649
0.0445785
-2.38465
2.54678
-0.704892
-1.53399
1.43553
-0.239401
0.0254475
-0.142827
-0.352226
0.390459
-0.882182
-0.403484
0.0241555
-0.192067
-0.00386641
-0.237459
0.619391
0.173414
-0.238301
0.788814
-1.31308
-0.781071
1.0868
-1.18931
-0.251852
0.901945
-0.874698
-0.0171787
0.762897
-0.672046
-0.227754
0.52117
0.128558
0.445278
-0.0327879
0.0613074
0.686364
-0.569491
-0.649394
0.0234664
-0.260714
0.0749738
0.0552398
0.0420232
0.342129
0.556609
0.0513926
-0.145832
0.844417
0.0695953
-0.492105
0.337717
0.204116
-0.153661
-0.382382
-0.232712
0.175098
-0.149919
-0.30869
0.506069
0.661758
-0.0140875
0.259116
0.415868
-0.00493828
-0.109599
-0.0280027
0.0766486
-0.221476
0.0415064
0.229754
-0.0115609
0.29824
-0.0144703
-0.0974832
0.404355
-0.0325008
-0.0966602
0.29356
-0.0647623
0.161241
0.102316
-0.431879
0.134492
0.144646
-0.200728
0.255451
0.290957
-0.0261078
0.00461289
-0.0812232
-0.134319
-0.222309
-0.298642
0.201551
0.0261557
-0.372381
0.0717582
0.13565
-0.00921621
-0.169203
-0.306528
0.177003
0.258657
-0.244981
-0.136903
0.353594
0.0460045
-0.331611
-0.183903
-0.0733947
-0.119103
-0.378812
0.238578
0.300833
-0.39958
0.238358
0.242971
-0.29422
-0.0359557
0.0823047
-0.112604
-0.101512
0.172821
-0.00552207
-0.235592
0.0335535
0.117332
-0.343134
-0.278429
0.134071
-0.128271
-0.13876
0.152158
0.127467
-0.0732607
0.0418414
0.259432
0.0332281
-0.134913
-0.0163748
0.230645
-0.050627
-0.306767
0.0944973
-0.0828215
-0.413351
-0.0852332
0.0608002
-0.0579291
0.108901
0.326137
0.209006
0.0614605
0.040224
-0.207542
-0.0583023
0.327238
-0.203474
-0.375443
0.302613
0.40091
-0.317715
-0.464093
0.492584
0.287387
-0.482746
0.246455
0.57708
-0.229936
-0.195847
0.257614
-0.0463107
-0.310088
-0.0738637
0.180946
-0.0177434
-0.0750791
0.231831
0.218241
-0.16371
-0.105522
0.21783
-0.162427
-0.108451
0.213064
0.0209781
0.11114
-0.114375
0.0646762
0.182094
-0.441957
0.0672889
0.388507
-0.0858553
-0.209351
0.158724
0.398345
-0.197866
-0.326319
0.0250551
0.105206
0.0638627
-0.0909754
0.138674
0.258513
0.0245096
0.0569242
0.08085
0.00545508
-0.0527611
-0.214882
0.200661
0.157451
-0.533947
0.491215
-0.621104
0.370333
-0.311361
-0.627458
1.79924
-2.6128
5.16138
-3.8912
-2.48639
10.6169
-12.8696
1.88158
6.97014
-7.19718
3.31085
0.23186
2.31484
-3.01662
-1.70658
2.20892
-2.25597
0.770563
-0.909658
1.03328
1.6387
-0.555011
-0.0144799
-0.230396
-0.859558
1.71233
-0.153077
-2.62102
2.94878
0.299675
-2.37159
1.79472
-0.673271
-1.18519
1.37868
-0.353805
-0.0356016
-0.0852236
-0.118366
0.36727
-1.97801
0.748504
0.509657
-0.54012
1.96095
-1.72583
0.71117
1.53993
-1.17107
0.143296
-1.51089
0.886469
0.334214
-1.66182
0.884833
0.1931
-0.347929
0.823009
0.22518
-0.193875
0.594403
-0.255853
-0.633354
0.232118
0.256149
-0.0564553
0.526138
0.685177
-0.179864
-0.256408
-0.142598
0.338464
0.591742
-0.25725
-0.37641
0.420146
-0.118337
-0.440024
0.258169
-0.35257
-0.437248
0.274553
0.418404
0.285722
-0.325601
-0.176706
0.364045
-0.00787637
-0.340952
-0.258705
0.190162
-0.0499283
-0.454016
0.120825
-0.0762084
-0.298632
0.272151
0.123486
-0.131056
0.356379
0.262906
-0.289722
-0.31093
-0.400479
-0.0114174
0.426396
-0.0886115
-0.118519
0.16993
0.0456025
0.115868
-0.029668
-0.249536
0.142148
0.18954
-0.253518
-0.103024
-0.03341
-0.412787
-0.314796
0.0485885
0.0255623
-0.0177434
0.124491
0.0863434
-0.0841805
-0.124376
-0.060427
-0.1087
0.0392957
0.14967
-0.139305
-0.040358
0.159461
0.0686191
0.0779023
0.0413342
0.139573
0.194392
-0.202087
-0.0966506
0.349948
-0.1363
-0.0374295
0.481961
0.0296297
0.076352
0.207513
-0.00267012
0.0691934
-0.113159
-0.121782
0.212595
0.0929277
-0.012451
0.15034
0.0431717
0.100948
0.201513
0.0502441
0.126386
0.149804
-0.161643
-0.0329027
0.00031582
-0.241268
-0.0156187
-0.134683
-0.185492
0.0260313
0.130099
0.179596
-0.119552
0.0465883
0.366007
0.0690307
-0.0736531
0.136406
0.112375
-0.195206
-0.332922
0.0124318
0.0404633
-0.256446
0.0241076
0.21204
0.0968611
0.0945068
0.0808691
-0.0119055
-0.197579
-0.192086
0.00365586
-0.224405
-0.31315
0.0281367
-0.112269
-0.289521
-0.091674
0.159403
-0.0383004
-0.242493
0.163652
0.123333
-0.328271
-0.203235
0.116691
-0.167758
-0.381788
-0.0492105
0.194813
-0.0680353
-0.360112
0.14165
0.305255
-0.243536
-0.13808
0.267069
0.0974928
-0.362667
-0.281788
0.137698
-0.0423104
-0.342541
-0.00533066
0.314567
0.0630971
0.0579961
0.291521
0.150723
-0.0375252
0.013207
0.0610586
-0.00165566
0.0827641
-0.120624
-0.0964879
0.203111
-0.067375
-0.241966
0.194316
0.272371
-0.0853768
0.11427
-0.00879512
0.583492
-0.427898
0.25947
0.26884
-0.765893
1.64317
-2.10852
4.10354
-2.63059
-3.25688
10.4734
-11.3016
0.54769
8.316
-6.65322
2.84384
-0.340636
3.37191
-2.23242
-2.83854
2.92696
-2.73428
1.02805
-1.1407
0.991197
1.91504
-1.04226
0.912989
-0.620376
-0.997696
2.03819
-0.188219
-2.57587
1.96726
0.212614
-1.86309
1.63702
-0.327946
-1.44546
1.25727
0.683225
-0.692192
-0.0590297
1.05884
-1.04703
-1.75067
1.64599
-0.799274
-0.0905926
1.90502
-2.29491
0.751643
0.835718
-0.850112
0.455327
-1.63327
0.688574
0.704566
-1.322
-0.00717773
0.800145
-0.100144
-0.781014
0.596929
-0.18063
-0.537775
0.928397
-0.546695
-0.870774
0.830148
0.026615
0.153977
0.569663
-0.583196
-0.253527
-0.152943
0.141909
0.626549
-0.425965
-0.0854055
0.577922
-0.530932
-0.441479
0.252561
-0.330463
-0.458849
0.0755193
0.500279
0.215389
-0.308365
0.127218
0.0679014
0.0454877
0.304671
-0.261049
0.142818
0.263834
-0.24522
-0.081807
-0.350589
-0.355595
-0.0579865
-0.212662
-0.0650398
0.417409
0.157652
0.170648
0.529009
-0.123055
-0.0257633
0.654179
0.0786201
-0.558533
-0.0684852
0.120127
-0.0512777
0.00863242
-0.364753
0.19911
0.550312
-0.291301
-0.176859
0.192717
0.177778
0.212509
0.105465
0.0987943
0.327831
-0.0448273
-0.480372
-0.00354102
0.120643
-0.118748
0.0184229
0.408796
0.401676
-0.0529621
-0.0152646
0.133755
-0.110796
-0.138846
0.0157336
-0.106719
-0.0916453
-0.0381951
-0.153785
-0.0276486
0.00947461
0.0227391
0.206566
0.109303
0.17373
0.207035
0.0385492
0.111954
-0.0282133
-0.171864
-0.0394297
0.0521773
-0.0561586
-0.0556609
0.014834
0.240368
0.365299
-0.122012
-0.175481
0.193349
-0.159327
-0.78466
-0.217906
0.102737
-0.251278
0.103312
0.0548187
-0.055259
-0.126931
-0.115657
0.00364629
-0.324099
-0.128864
0.304527
0.114786
-0.227687
-0.0247584
-0.127716
-0.427075
-0.159872
0.0169586
-0.1871
-0.0959807
0.324864
0.0679109
-0.0688584
0.244923
-0.0229783
-0.169816
0.142062
0.0568477
0.0833478
0.12652
-0.112566
-0.0234664
-0.202929
-0.212805
-0.0718252
-0.0255145
0.120414
0.0744092
0.162293
-0.00214375
0.0201742
0.0657863
-0.24901
-0.0405686
0.245842
-0.0443297
-0.0350752
0.304183
-0.0479568
-0.258465
0.167241
0.0767156
-0.201847
0.172811
0.313217
0.132051
-0.0500527
-0.0460906
0.27196
0.140731
-0.239832
-0.0615467
0.37641
0.0398508
-0.234042
0.119878
0.213571
-0.0506365
-0.187779
0.0590967
0.232578
0.144091
-0.00127285
0.171175
0.0936934
-0.0630109
0.0145947
-0.0300508
-0.00858457
-0.406719
0.0633842
0.112671
-0.398058
0.266495
-0.369251
0.243966
-0.114442
0.169988
1.60576
-3.51483
1.70152
3.41045
-6.19242
1.96337
3.14391
-2.63796
0.317447
0.659701
1.60787
-2.16587
-1.0416
1.46936
-1.26189
-0.171988
-0.32675
0.734139
0.907916
-0.514395
0.652341
-0.32228
-0.29867
1.38816
-1.06172
-0.766659
1.36397
-0.977024
-0.641154
0.577377
-0.114107
-0.359672
0.281453
1.01107
-1.37969
1.21495
0.516768
-3.51423
2.35375
-0.966563
-1.75413
3.81239
-1.93499
-0.768697
2.08351
-0.366648
-0.671099
-0.344512
0.611744
-0.915975
-0.634052
1.06318
-0.51739
-0.435593
0.756457
0.16015
-0.0435928
-0.543862
0.591082
0.430597
-1.63821
0.760036
0.109149
-0.972784
1.96014
-0.133448
-1.40048
0.843374
0.266839
0.0117715
0.410624
0.0440713
0.368113
-0.565146
-0.848877
0.479875
0.166571
-0.787063
-0.519285
0.823076
0.524587
-0.515247
0.264351
0.363146
-0.0753854
0.219572
-0.121036
-0.0145756
0.650657
-0.255202
-0.423381
0.59179
-0.09711
-0.77509
-0.105685
0.401551
0.38154
0.242732
0.113217
0.474343
0.388717
-0.422596
-0.0945451
0.144158
0.00723516
-0.0361662
-0.342923
-0.0189492
0.214758
0.143698
-0.14031
0.0913199
0.434186
0.000555078
0.0777109
-0.0432961
-0.153345
0.10356
-0.188506
-0.161193
-0.00579004
0.0606949
-0.0496316
-0.211513
0.0633937
0.0175902
-0.102728
-0.120796
-0.315083
-0.360332
-0.0226146
-0.118222
-0.246062
0.16616
0.139688
0.00538809
-0.150819
0.150809
0.560533
0.0974449
-0.0722272
0.380946
0.200087
-0.445374
-0.387531
-0.405513
-0.35458
-0.167988
-0.33386
0.142473
0.437593
0.158925
0.0482727
0.167576
0.209255
-0.0819697
-0.0946121
-0.0098957
-0.168954
-0.21381
-0.17952
-0.263633
-0.179099
0.0773568
0.0606758
0.129716
0.326032
0.289215
0.152024
0.0793283
0.102508
-0.13587
-0.248694
0.0070916
-0.0204996
-0.0938273
-0.0126807
0.212863
0.167452
0.00975215
0.365423
0.294373
0.11115
0.14699
0.0541297
0.0977512
-0.125926
-0.188688
-0.028041
-0.0157432
-0.0387406
-0.102154
0.265911
0.670573
0.155384
-0.238885
0.443641
0.359614
-0.367433
-0.464667
-0.44834
-0.154829
-0.315677
-0.458303
0.0528281
0.0542541
0.0544072
0.186037
0.361681
0.33699
-0.018174
0.168189
0.052876
-0.401255
-0.314538
-0.201139
-0.277577
-0.180601
-0.0772707
-0.00146426
0.246187
0.233439
-0.0589148
-0.215361
0.0254092
0.0119438
-0.259327
-0.202489
-0.337191
-0.179568
0.0763041
-0.199177
-0.232214
0.193397
0.264437
-0.0544934
0.0651547
0.155374
-0.0905064
-0.350379
-0.0772037
0.0442531
-0.229726
-0.192296
0.0229592
0.258599
-0.227448
0.250465
-0.170859
0.246493
0.789197
-1.29535
0.370572
0.809543
-0.889235
-0.761768
0.768257
0.805638
-0.943432
0.629746
1.35527
-0.0481865
-1.02418
0.492603
0.742283
-0.799322
-0.137793
0.331487
0.476956
0.0731938
-0.203589
-0.231544
0.107015
0.341507
0.105637
-0.033142
0.20134
0.333994
0.0759787
0.227104
-0.414576
0.173759
-0.506317
0.219591
-0.628301
-0.206499
3.52432
-5.25416
1.9776
3.94996
-7.85291
6.39345
0.880536
-4.32729
4.51659
-1.33108
0.182305
-1.21256
-0.211112
0.299245
-2.87533
1.54186
0.849356
-0.676305
0.213581
0.80026
0.543804
-1.49344
0.099091
1.71771
-2.23696
-0.775301
2.26124
-2.28115
-0.305303
2.50376
-1.87287
-0.853308
0.96709
-0.0565223
0.598307
-0.385502
-0.173921
-0.157451
-1.32804
0.259585
0.11247
-0.374898
0.0557375
-0.161365
0.81407
0.31895
0.107494
0.164724
-1.12789
0.291971
0.139439
-1.26482
0.73076
0.376611
-0.958716
0.457116
0.216452
-0.709706
0.276027
0.419974
0.126663
0.167634
0.174974
0.628368
-0.00299551
-0.307877
0.105752
-0.374974
-0.325333
0.336856
0.128185
-0.137937
0.257748
0.142894
-0.360571
-0.154723
0.501877
0.266686
-0.0481387
0.314614
0.322874
0.300192
0.0815008
0.0501676
0.177941
-0.181903
0.191397
0.338119
0.12451
0.424108
0.207523
-0.130472
-0.197235
-0.264409
-0.29267
-0.149957
0.161518
0.291426
0.0228252
0.117878
0.417112
-0.00626855
-0.279271
-0.0479568
0.100785
0.110901
0.0865348
0.139363
0.325572
-0.114729
-0.437526
0.127697
-0.264188
-0.484832
0.224606
-0.0385684
-0.0753758
0.109647
-0.0381473
0.164696
-0.252541
-0.297302
0.0413916
-0.142435
-0.069624
-0.035123
0.00870898
-0.0826875
-0.0946695
0.0397264
-0.228903
-0.0845346
0.0864008
-0.0993781
0.0153125
0.265346
0.00222988
-0.321725
0.0373816
-0.0935689
-0.369883
-0.0340416
0.143727
0.0796537
-0.0426453
0.0154561
-0.0948418
-0.276094
-0.198823
-0.11493
0.102278
0.136559
0.225161
0.188851
-0.118806
0.101541
-0.210738
-0.411945
-0.114049
-0.250895
-0.0275529
0.230645
0.294612
-0.0497082
-0.166179
0.127199
0.00387598
-0.0345297
0.081807
0.27262
0.137564
-0.108661
-0.0227391
-0.0544455
-0.336119
-0.237746
0.128204
0.217677
0.0465213
0.00809648
0.240866
0
-0.0707342
0.127697
0.235248
0.250503
-0.032673
-0.236473
-0.043899
0.136501
-0.37328
-0.185951
0.310557
0.0701982
0.00722559
0.19711
0.35926
0.129563
-0.0803811
0.0807352
0.0931957
-0.187511
-0.282573
-0.093923
0.0727344
0.00117715
0.123447
0.361021
0.198488
0.201991
0.0185377
0.403657
-0.00173223
-0.347823
0.624482
-0.261595
0.0309217
-0.334837
0.0966984
0.181616
-1.42182
1.17166
0.24967
-0.613237
0.684718
0.589464
0.0456887
-1.20301
-0.128883
0.202364
-0.0923152
-0.55326
0.129295
1.13149
-0.0006125
-0.788431
-0.0825439
0.388478
-0.426377
-0.028376
-0.123725
0.10647
0.0605609
-0.570659
0.206145
-0.920788
1.0777
-0.544369
-0.0460141
0.991197
-1.87677
5.37111
-6.76212
-0.332597
7.64978
-10.8964
5.94715
1.99145
-4.75598
4.56294
-0.876334
1.06526
-3.62261
1.23326
1.17952
-3.63194
1.49426
0.64434
0.202431
-0.658916
0.62721
1.83553
-1.64521
-0.576458
2.99677
-2.04931
-2.07191
3.59257
-1.73074
-1.94668
2.74611
-1.60345
-0.901361
1.47913
-0.170514
0.814003
-0.16214
0.582488
0.636923
-1.40045
0.388296
0.322663
-0.577291
-0.0695283
0.0298402
0.786268
-0.59001
-0.163049
1.35105
-1.30057
0.0538617
1.06564
-1.01608
0.665309
0.621774
-0.741565
0.00825918
0.0757395
-0.523199
0.270419
0.285904
-0.290086
0.626473
0.414892
0.217418
0.0429803
-0.542608
0.303187
0.0761797
-0.85905
-0.294479
0.38822
-0.116356
-0.384076
0.194316
0.0463969
0.0352283
0.26349
-0.280659
-0.034166
0.370055
-0.258245
-0.17751
0.0783234
-0.349249
-0.446666
-0.152292
-0.0828023
-0.063298
0.141593
0.147679
0.238703
0.131783
-0.131984
-0.18842
-0.0574219
-0.0259547
-0.154034
0.0399848
0.145756
0.0804576
-0.0184994
-0.225524
-0.153958
-0.014633
-0.369328
-0.0746102
0.170562
-0.268744
0.289435
0.329171
-0.195943
0.112518
0.0618338
0.0183367
0.287789
-0.0758064
-0.120404
0.180286
0.0562352
-0.169452
-0.242378
-0.0152646
-0.0907266
-0.0779311
0.0856352
0.14946
0.256685
0.257183
0.176553
-0.0961147
0.125754
0.125285
0.0109771
0.425831
0.349642
0.100699
0.0766965
0.191846
0.138808
-0.0968994
-0.292038
-0.0217629
0.357116
-0.0747537
0.100976
0.465835
-0.0511533
-0.0769836
0.0650016
-0.00244043
-0.193521
-0.183894
0.326491
-0.113552
-0.139755
0.406949
0.0261557
-0.129247
-0.0864295
0.0602164
-0.114317
-0.115772
0.094727
-0.144158
-0.194919
-0.21739
-0.0991102
-0.283492
-0.123266
0.177635
0.0294
0.202269
0.185099
0.162676
-0.0657481
-0.199024
-0.0836063
-0.362744
-0.197139
0.0837785
-0.0839412
-0.161107
-0.0488373
-0.0220979
-0.250656
-0.227812
0.137946
-0.00181836
-0.167547
0.012384
-0.125744
-0.407475
-0.335401
-0.110049
-0.199244
-0.227735
0.0174371
0.290641
-0.0737967
-0.216107
0.252455
0.0366543
-0.327697
-0.125256
0.280917
-0.0826205
-0.197005
0.124175
0.00548379
-0.336827
-0.0199541
0.341469
-0.158025
0.350618
-0.00701504
0.502518
0.308681
-0.462658
0.610021
-0.727305
0.271529
0.3773
-0.481482
0.661021
0.277415
0.0807734
-0.333659
0.338138
0.195273
-0.127122
0.0819314
0.0143938
0.432358
-0.187894
-0.366352
0.0540053
0.130453
-0.133458
0.166351
0.112288
0.40269
0.372429
-0.291828
0.499417
-0.783397
0.978287
-0.57263
-0.31227
1.14266
-2.19945
5.6923
-5.95359
-0.446685
8.34019
-11.5458
5.19786
3.08946
-4.97977
3.57107
0.0483205
1.74348
-4.28716
0.997944
1.04175
-2.74721
1.64107
-0.228061
0.485483
0.313935
0.407638
0.519304
-1.01678
-1.02928
1.90044
-1.13157
-2.35446
2.79634
-1.20429
-1.64603
2.3276
-1.34567
-0.953481
1.33969
-0.238885
0.379271
-0.0323955
-0.178448
0.456915
-0.802088
-0.525008
0.174763
-0.0406068
-0.306508
0.0423008
0.806892
-0.383377
-0.325486
0.782076
-1.17233
-0.0440522
1.02717
-1.01318
0.316624
1.00204
-0.471175
-0.195187
0.403762
-0.511074
-0.098335
0.331889
-0.478908
0.282583
0.0843623
-0.173385
0.261183
-0.603092
-0.160963
0.444063
-0.16169
0.021849
0.322529
0.167423
0.0264811
0.208757
0.0488469
-0.126596
0.378755
0.0651164
-0.228128
0.0247393
-0.0906596
-0.0710213
-0.112384
-0.0607523
0.0680066
0.124577
0.145411
0.0841422
0.330645
0.240846
0.0792135
0.115763
-0.00190449
-0.0810318
-0.110413
0.0977512
0.181511
0.0244713
-0.212624
0.0485023
0.272821
-0.354398
-0.360696
0.281042
0.261384
-0.00238301
0.0466457
-0.016748
0.140157
0.0734713
-0.38798
-0.192507
-0.0744475
0.0179252
0.231286
-0.16103
-0.180515
0.176955
-0.026682
-0.264351
-0.0657385
0.131381
0.228453
0.181549
0.00565605
0.0665424
-0.125936
-0.211025
-0.0765625
-0.192861
0.0789647
0.131238
0.0632598
0.1156
-0.0828693
0.000105273
-0.121572
-0.144311
0.0529908
-0.0176859
0.0621975
0.144091
0.110843
-0.110451
-0.040291
-0.00590488
-0.170179
-0.0685713
-0.183807
0.0118672
0.0419562
-0.196584
0.0559289
0.0299359
-0.297292
-0.0472295
0.138291
-0.0203465
0.221199
0.142971
0.0710404
0.117878
-0.189932
-0.290497
-0.197589
0.0414969
-0.112968
-0.134894
0.335947
0.0884297
-0.16059
0.0310461
0.0984211
-0.0401092
-0.123572
0.375003
0.420931
0.0779693
0.0955596
0.0822664
-0.142339
-0.436425
-0.110126
-0.0165854
-0.28308
0.0135803
0.266131
0.0404346
-0.227917
0.129716
0.182745
-0.0991676
0.186545
0.365347
0.163279
-0.062743
-0.0449709
-0.0445307
-0.190641
-0.359203
-0.137975
0.0126711
-0.118538
0.200374
0.245421
-0.0230357
-0.128529
0.129917
0.164447
-0.181779
0.0500719
0.24991
-0.197751
-0.155565
0.325898
-0.170112
-0.0617955
0.0798834
-0.187186
0.436129
-0.0550389
-0.17929
0.287004
-0.0753854
0.00292852
-0.0183176
-0.153326
-0.00579004
-0.0077041
-0.191234
0.0280889
0.247306
-0.129381
-0.220242
0.0172648
-0.137286
-0.198048
0.189645
0.0478229
0.0386354
-0.10022
-0.154264
0.425075
-0.600049
0.400518
-0.4312
0.0973109
0.690278
-1.60475
2.20963
-2.76661
4.28504
-1.13626
-7.11477
12.7918
-9.8958
-3.3154
10.8541
-7.33717
2.45604
1.48985
1.96378
-1.88976
-3.01802
3.17188
-2.93686
-0.0600059
0.152369
-0.106738
0.828521
0.366486
0.907208
-0.458341
-1.33593
2.01787
1.11702
-3.54703
2.26349
1.44446
-3.11717
1.91556
-0.251871
-2.435
1.72421
-0.0556227
-0.455882
0.623707
-0.51494
0.644857
-0.458772
-0.437268
0.744025
-0.517228
0.215016
0.325563
0.389272
0.329219
-0.760065
1.05101
-0.493158
-1.35606
1.49807
-0.710921
-0.638445
1.30064
-0.479511
-0.318222
0.503236
-0.492287
-0.349269
0.267595
-0.347622
0.308413
0.354523
-0.0349699
0.640799
-0.197503
-0.0702557
0.244789
-0.693331
-0.142827
0.38911
-0.00728301
-0.224319
0.181271
0.346292
-0.468055
-0.175433
0.338789
-0.0165375
0.166724
0.0213227
0.0642359
0.266792
-0.344158
-0.441335
-0.122806
-0.111619
-0.308221
-0.0879895
0.3058
0.277022
0.0762563
0.0312375
0.267442
0.171749
0.026615
-0.114509
-0.00205762
-0.0623984
-0.336636
0.157499
-0.0876449
-0.29601
0.245584
-0.0136664
-0.0391904
0.285923
0.0111877
0.074524
-0.0257346
-0.435114
-0.0585225
-0.0963443
-0.333985
0.134262
0.10334
-0.0556705
0.416701
0.251613
-0.108996
0.121026
-0.102766
-0.250847
-0.141583
-0.274725
-0.156092
-0.0147191
-0.100632
0.0898844
0.163317
-0.103637
0.120749
0.382927
-0.0260313
-0.186411
0.242062
0.210174
-0.0805916
-0.0844771
0.108814
0.0367691
-0.0625516
0.176161
0.0248254
0.093301
0.217648
0.0947078
0.115265
0.106948
0.0398604
-0.0998279
0.1078
0.102144
-0.0913869
-0.155728
-0.080515
0.146129
-0.0584842
0.0351518
0.183214
-0.00317734
0.210241
0.120442
-0.1784
-0.0331324
0.0533162
-0.0349221
0.0163557
0.176658
0.0837594
-0.0249211
0.0339842
0.170495
-0.0739594
-0.232855
0.252044
-0.105867
-0.279424
-0.0104412
-0.0589627
0.134243
-0.236664
0.0855873
0.312212
-0.216356
-0.0297445
-0.0181549
-0.0554791
-0.33921
-0.345077
0.0574123
0.00707246
-0.100335
-0.0681119
0.227352
0.000401953
-0.23364
-0.138731
-0.0290459
-0.0309025
-0.256934
-0.0575654
-0.096976
-0.252886
-0.150828
-0.119696
-0.0784479
-0.0801131
0.115332
0.171002
-0.00425879
0.122835
0.00919707
-0.0262131
0.201005
-0.210997
-0.197445
0.136626
-0.0320223
-0.182353
-0.139918
0.169366
0.079223
-0.122615
0.0245766
0.229286
0.116873
-0.0725143
0.25056
0.0845633
-0.174486
0.145115
0.294565
0.0322998
-0.123371
0.266543
0.186372
-0.0526176
0.0914826
0.0993877
-0.187052
0.201847
0.0653939
-0.245613
0.673827
-0.750504
1.16071
-0.667903
0.106824
1.16457
-2.18596
6.00306
-8.41911
2.47308
9.41986
-16.8515
8.94627
3.48039
-7.30039
5.12455
-1.60703
3.7818
-4.40169
-0.292718
2.51371
-2.79278
1.39095
-1.44898
1.11266
0.785263
-0.0283951
0.579636
-1.41354
-0.0532971
2.05751
-1.75691
-1.8238
3.12041
-1.53942
-1.33718
2.5302
-2.15645
-0.0959998
1.82604
-1.23319
0.439938
-0.501149
0.692192
-1.24369
-1.62548
2.01877
-1.39156
1.55807
-0.534215
-1.04201
2.56444
-1.30965
-0.444063
-0.327869
0.0831182
0.474228
-0.863089
-0.813898
0.758572
0.84413
-1.19215
0.446934
1.07121
-0.975655
-0.411744
0.855749
-0.499676
-0.157996
0.137401
-0.00942676
1.11141
-0.134319
-0.627516
-0.109006
-0.015925
0.639555
-0.0414682
-0.697264
0.293148
-0.02784
-0.723544
0.22207
0.297972
-0.626023
-0.103225
1.0155
0.439162
-0.240062
0.161317
0.281779
-0.155221
-0.00916836
0.0977799
-0.224012
0.0823238
-0.233276
-0.201225
0.365069
-0.0969568
-0.186966
0.144722
0.321074
0.346646
0.367031
0.275577
-0.148091
-0.104604
-0.150713
-0.011848
0.162226
-0.425477
0.00951289
0.361289
-0.257059
0.12116
0.440521
-0.00462246
0.130893
0.0827736
0.00226816
0.367165
-0.0510098
-0.219725
0.0166619
-0.00253613
-0.0237918
-0.213581
-0.174668
-0.1245
-0.0455355
-0.0728971
-0.101694
0.209609
0.125132
-0.134817
-0.212451
0.22808
0.306949
-0.299493
0.0843145
0.343029
-0.0318117
-0.177041
-0.0956074
0.13764
-0.104852
-0.241047
-0.00854629
-0.141344
-0.292698
0.0567711
-0.133984
-0.158417
0.453891
-0.043698
-0.039267
0.294144
-0.192909
-0.199953
-0.0325678
-0.0227008
-0.0791561
0.0205283
-0.150522
-0.119945
-0.10334
-0.547939
-0.0475166
0.140023
-0.19734
0.0684373
0.385511
0.220663
-0.103694
0.0900375
0.11761
-0.279721
-0.345546
0.130013
0.023677
-0.266658
0.0580535
-0.0550389
-0.0416596
0.0128529
0.0138482
0.138291
-0.000669922
0.394096
0.329803
0.0645613
0.282286
0.015858
-0.110547
-0.199043
-0.0592594
-0.0573357
-0.437038
0.0846111
0.333621
-0.181625
-0.188889
0.444771
0.40224
-0.0470668
0.0789168
0.271452
0.257212
-0.166265
-0.126969
-0.108231
-0.40002
-0.189952
-0.0163078
0.0579674
0.000947461
0.171596
0.386468
0.0764764
-0.0746197
0.204853
0.0536416
-0.148053
0.164743
-0.104058
-0.381635
0.0180879
-0.0690498
-0.322625
-0.103819
0.170878
0.246608
0.0700355
0.142933
0.222749
-0.0869463
-0.16081
-0.0429324
-0.114375
-0.123294
-0.0119629
0.00898652
-0.157451
-0.00811563
0.0586277
-0.224012
0.167461
-0.13118
-0.0648389
0.0993781
-0.267107
0.303312
-0.724559
0.483253
-0.572018
0.728176
1.19147
-4.82212
5.41258
-0.48487
-7.23735
7.24486
-0.535143
-2.21945
0.862448
1.07531
1.82619
-4.41423
0.898499
0.394594
-0.739498
0.315945
-1.08995
2.68708
0.231305
-0.49134
0.827803
-1.4159
0.711093
0.933278
-2.0939
-0.188372
1.12949
-1.11222
0.160753
1.23966
-0.789178
-0.169366
1.3588
0.199369
-1.18437
1.89448
-0.111599
-3.1083
1.96448
-0.161365
-1.52815
2.65399
-0.390249
-1.13058
2.1056
-0.239401
-0.752896
0.254628
-0.69468
0.114509
-0.416395
-0.0141928
0.43231
0.142971
0.146837
-0.147115
0.631267
-0.546513
0.02294
0.706653
-1.48924
-0.0410566
0.683445
-0.504767
0.607294
0.0732895
-0.637708
-0.0157336
-0.00474688
0.555767
0.347862
-0.346292
0.232023
-0.0805055
-0.599102
0.332473
-0.0641115
-0.976201
-0.144847
0.591464
0.173404
-0.285779
0.213045
0.0863338
-0.500518
0.278898
0.100134
-0.474046
0.325936
-0.0647719
-0.418835
0.0819314
-0.300757
-0.236674
0.0946025
-0.0747346
0.0486459
0.0894824
-0.0435928
0.225477
-0.0401475
-0.477616
0.182755
0.210891
-0.462993
-0.0115992
0.191693
-0.307791
0.0339459
0.312681
-0.0341756
0.0537086
0.239698
0.147852
0.112853
-0.0522061
-0.199292
-0.117303
0.127065
0.17907
-0.21626
-0.134836
0.281204
-0.0275912
-0.296775
0.0738924
0.154876
0.00974258
0.0942676
0.105876
0.0925641
-0.0388076
-0.053766
0.0411141
-0.0270553
0.0637191
0.162552
0.135678
0.217696
0.15124
-0.210566
-0.0247105
0.052675
-0.213619
0.0490479
-0.0403197
0.170074
0.304508
-0.150139
0.319237
0.187971
-0.141411
0.293321
0.18553
0.109963
0.105876
0.278975
0.255346
-0.152914
0.00179922
0.141765
-0.0994834
-0.135602
-0.0732225
-0.0819027
-0.0575367
-0.0854533
-0.00172266
-0.0346924
-0.0267203
-0.0289693
0.0139248
0.113159
-0.0386162
-0.0270266
0.0610873
0.158006
-0.0286535
-0.104077
-0.0138578
-0.144818
-0.24121
-0.297656
0.0229305
-0.00910137
-0.225084
-0.0819219
-0.0489234
-0.0915975
-0.1882
0.161729
0.242847
-0.0055125
0.262743
0.240846
-0.118251
-0.250599
-0.156006
-0.106766
-0.129649
-0.0649729
-0.153144
-0.227171
-0.158838
-0.164054
-0.155508
-0.282449
-0.128539
-0.0172361
-0.105503
0.029132
-0.0701312
-0.0141641
-0.136827
-0.0848121
0.0470094
-0.178391
0.127611
0.0384152
-0.158015
0.125524
0.0149775
-0.195971
-0.0831469
0.113743
0.0456791
0.0373625
0.170256
0.100297
0.0725813
0.0387789
0.0916645
0.140502
0.040224
0.0673559
0.204317
0.220155
-0.0316682
-0.0719113
0.0762275
-0.0699877
-0.117696
0.214337
0.0153508
0.299369
0.1833
-0.0784383
0.423687
-0.553556
0.883589
0.218002
-1.61624
1.81224
0.319333
-2.41673
0.804662
1.41567
-0.739795
-0.480975
1.0262
1.15686
-1.07722
-0.740053
0.993092
0.101196
-0.524453
-0.22896
1.01449
0.680287
-0.605542
-0.233018
0.00265098
0.0656428
0.330807
-0.252111
-0.240291
0.788814
-0.0146234
-0.31026
0.221275
-0.430721
0.262906
-0.606547
0.423649
-0.566419
-0.898499
3.26619
-5.55167
1.00182
4.83819
-6.99844
5.08036
1.17885
-3.82536
3.32369
-0.878019
0.336272
-1.80898
0.0893963
0.838685
-2.37129
0.67263
0.391799
-0.933756
-0.0974162
1.18883
-0.0955691
-0.849624
0.949777
0.622913
-2.0855
-0.279491
2.17549
-1.76171
-0.197397
2.54082
-1.7139
-0.88156
0.727765
-0.188669
0.685933
-0.61318
0.15168
0.687168
-1.34722
-0.178534
0.413495
-0.571041
-0.276123
0.400862
0.48332
-0.0938561
0.380831
0.400508
-0.850351
0.217237
0.432779
-0.995657
0.3537
0.21783
-0.84836
0.546742
0.365873
-0.63699
0.187511
0.64813
0.117657
0.381243
0.376879
0.166179
0.209781
-0.346503
-0.0758734
0.0331229
-0.205628
0.146512
-0.17083
-0.262533
0.351087
0.42696
-0.126577
0.028175
0.668218
0.12316
-0.142157
0.210834
-0.103168
-0.0633746
0.0524645
-0.0449326
-0.176965
-0.0650016
0.120328
-0.122538
0.128663
0.25614
0.0780268
-0.00803906
-0.0373529
-0.0370658
-0.165624
-0.238483
-0.0285578
0.383167
0.0625229
-0.163901
-0.0276199
-0.142971
0.0888029
-0.016327
-0.398565
0.215657
0.473663
-0.163939
0.0873195
0.0413533
-0.185272
0.1793
-0.321074
-0.26705
0.161748
-0.0850131
-0.0779502
-0.140224
-0.177778
-0.102163
0.0607619
-0.0645039
0.0154465
0.233774
-0.203522
0.101503
0.171108
-0.25969
-0.238483
-0.129984
0.0589914
-0.180247
0.0900088
0.363155
0.0126711
0.0684852
0.162322
-0.137478
-0.316576
0.128166
-0.0416309
-0.217093
0.182678
0.102718
0.209954
0.08419
-0.170265
-0.00916836
-0.034635
-0.186937
-0.307121
0.00732129
0.291119
-0.128836
-0.209695
-0.0606184
-0.184793
-0.111245
0.0346924
0.14188
0.271558
0.4586
0.290861
0.109647
0.0476506
-0.244378
-0.222376
-0.00496699
0.0067375
-0.174295
-0.188841
0.0313523
0.102632
-0.001225
0.0648389
0.0221457
0.124395
0.520338
0.134051
-0.153785
0.150129
0.119906
-0.409686
-0.504786
0.0975311
0.056551
-0.160035
0.0264332
0.250245
0.188698
0.0472486
0.0654227
0.022251
0.172668
-0.0504451
-0.26884
-0.0947748
-0.0859127
-0.257394
-0.246053
0.154685
0.0439469
-0.0846973
0.357767
0.366466
-0.158992
0.0491627
0.227974
0.0062207
-0.075749
-0.274276
0.215141
-0.444551
0.359126
0.358523
-1.12666
1.13444
0.414902
-1.17012
0.0561777
0.643336
0.0406451
-0.993016
0.158829
0.931306
-0.668936
-1.09063
0.248024
0.633564
-0.416404
-0.591206
1.03488
0.837307
-0.379147
-0.525917
-0.296105
0.246742
-0.276735
-0.486928
-0.209934
0.253374
0.278582
-0.451891
0.414634
-0.11091
0.707715
-0.0140205
-0.710347
0.895724
-1.70396
3.67574
-3.5912
-2.97791
7.58308
-7.90475
2.1047
4.6944
-5.55368
4.27915
0.483205
0.238818
-1.40935
-0.745307
1.67735
-2.61554
0.281654
0.816941
-0.0282898
-0.546072
0.475779
1.33373
-1.00874
-0.798547
1.96631
-0.665481
-2.25721
2.45164
-0.467778
-1.50713
2.47049
-0.959539
-0.992288
1.27048
-0.143038
0.658638
0.00164609
-0.0373051
0.704643
-1.21529
-0.231774
0.610423
-0.413246
-0.237966
0.089157
0.802643
0.0016748
-0.13809
0.807572
-0.933842
-0.179089
1.08858
-0.890269
0.145842
0.919123
-0.813457
-0.140042
0.389981
-0.630406
-0.227898
0.289224
0.00134941
0.301168
0.0336396
0.1989
0.386267
-0.706481
-0.16839
0.370247
-0.420788
-0.221964
0.142425
-0.192411
-0.0432387
0.183693
-0.221237
-0.110288
0.232214
0.0903533
-0.16147
0.113389
0.150225
-0.260638
-0.153546
-0.00998184
-0.0380994
-0.31203
-0.156848
0.211619
-0.0152072
-0.0310365
0.284631
0.095349
-0.288306
-0.0431908
0.054723
-0.13342
0.0211791
0.168811
-0.11293
-0.142598
0.0291225
-0.333009
-0.238779
0.102728
-0.314777
-0.287052
0.247211
0.0182027
0.0760936
0.187147
-0.183501
0.377654
0.302364
-0.32829
0.227151
0.323094
-0.175673
-0.239708
-0.0482631
0.204106
-0.00273711
-0.116394
0.2078
-0.00639297
-0.0527229
0.14589
-0.0700355
0.0239162
0.0979043
0.0465117
0.245144
0.0958562
-0.111437
-0.0394297
-0.0515744
0.0514883
-0.0387693
-0.0282707
0.267595
0.164428
-0.0446646
0.00180879
0.161346
-0.101886
-0.241449
0.0356398
0.0215619
0.0885637
0.198326
0.0653748
0.0169777
-0.0391617
0.0872334
0.073634
-0.154848
0.208432
0.164753
-0.0835488
0.151412
0.12093
-0.0672793
-0.169596
0.0492584
-0.0205666
-0.118787
0.13118
0.0848408
0.0505791
0.0122117
0.00514883
0.0148436
-0.058934
-0.0703131
0.0117236
-0.126051
-0.129946
0.231372
-0.0589531
-0.214021
-0.0179156
0.067308
0.0604748
-0.214126
-0.0717486
0.0501293
0.02539
-0.090382
-0.126012
0.115676
-0.0539574
-0.208834
0.0674611
0.0943824
-0.22428
0.0874152
0.255432
-0.0676813
-0.186047
-0.0767348
0.216079
-0.141153
-0.304116
0.169031
0.100718
-0.200948
-0.0994547
0.0048043
0.0171787
-0.267308
-0.14099
0.323582
-0.0413055
0.0890805
-0.369979
0.411322
0.341344
-1.0786
0.53253
-0.195837
-0.181453
-0.317045
-0.454963
0.962687
-0.595905
0.0878076
0.662409
0.244301
-0.322319
-0.281606
0.460035
-0.201589
-0.24833
-0.202556
0.493962
0.186047
-0.581387
0.00879512
0.495024
0.0631162
0.199158
0.227716
0.116576
0.642283
-0.605389
0.174649
-0.558696
0.107245
0.0997705
-1.23566
2.12028
-2.40919
4.32882
-2.35807
-5.45557
10.6605
-9.10373
0.165145
7.40426
-6.86573
3.57399
0.235449
1.19316
-2.64745
-1.38076
3.57491
-2.9856
0.532961
1.12983
0.279558
-0.338167
0.504442
1.04037
-0.948782
-0.898576
1.70385
-0.28887
-3.23338
2.64471
0.264236
-2.74365
2.66059
-0.0177912
-1.7647
1.20002
-0.0771176
0.368581
0.166246
-0.382602
0.929402
-0.9515
-0.894805
0.397809
-0.202316
-0.604614
-0.475156
0.851404
0.121505
-0.719238
1.13847
-0.454446
-0.716749
1.52718
-0.644819
-0.196134
1.3679
-0.612902
-0.49579
0.420749
-0.489751
-0.464313
0.0590871
-0.310145
0.242091
0.256437
-0.101962
0.434263
0.00882383
-0.0530004
0.107149
-0.137344
0.147938
-8.61328e-005
-0.139602
-0.00390469
-0.0304336
-0.363385
-0.400489
0.334999
0.278353
-0.172926
0.098268
0.157499
-0.052608
-0.145737
-0.309676
-0.279989
0.0685904
0.0784287
-0.0683799
0.267127
0.339832
0.237506
0.335679
0.0356016
-0.11403
0.0689158
0.00030625
-0.144119
-0.0618051
0.0129869
-0.137133
0.0182984
0.0545986
-0.166112
0.111906
0.0871473
0.138272
0.499561
-0.036884
0.102345
0.19822
-0.69847
-0.235631
-0.117629
-0.592364
0.046148
0.268486
0.105618
0.288162
0.212825
0.179759
0.204068
-0.0475836
0.0174754
-0.0922865
-0.166763
0.0312662
-0.134319
-0.163518
-0.0452006
0.0355154
-0.0584555
0.0795293
0.210231
0.0890518
0.256073
0.207389
0.134348
-0.0523975
-0.0826014
-0.0174563
-0.24655
-0.0766103
-0.0796059
-0.0463107
0.177099
0.0283281
0.0311896
0.106795
-0.00522539
-0.00443105
-0.0413055
-0.106977
0.0297732
0.0241459
-0.178898
-0.168198
0.0731555
-0.155948
-0.273854
0.158178
0.0481482
-0.129907
-0.0661213
0.24032
0.0208441
-0.318481
0.383004
-0.124376
-0.226386
0.371175
-0.149144
0.0718348
0.213475
0.106518
-0.104833
-0.0234186
0.414758
-0.169653
-0.377109
-0.0968037
0.0093502
-0.0916453
-0.225055
-0.0345105
0.00566562
-0.134071
0.0375061
0.171031
-0.0500719
0.158274
0.0957797
-0.243555
-0.0903629
-0.0971865
-0.147057
0.0472486
0.0448273
-0.080917
0.00958945
0.165566
0.0309982
-0.0668008
0.0510576
-0.12962
0.0251125
0.121198
-0.0546273
-0.0438607
-0.105628
0.0684947
-0.0777971
-0.041717
0.0257346
-0.0678535
0.197637
0.0761127
0.150196
-0.0494498
0.00062207
0.292191
-0.290229
-0.00142598
0.419993
0.0113312
-0.21181
0.0933871
0.172601
-0.0839508
-0.166083
-0.0614893
0.183482
-0.0929182
-0.0405016
0.265519
0.0312088
-0.246771
0.143516
0.202259
-0.105522
0.256934
-0.188899
0.301647
-0.272486
0.0677482
0.337708
-0.754179
1.34683
-1.58462
1.78127
-1.19241
0.435535
4.15593
-10.0887
8.81053
-0.414088
-11.016
11.7714
-3.83245
-1.67294
3.12541
1.00827
0.146569
-4.72154
3.54912
-1.56241
-1.39016
1.1768
-0.382717
0.784421
0.117973
1.10999
0.151029
-1.82987
0.640866
2.46903
-3.50483
-0.346302
2.87198
-3.07357
0.46439
1.69413
-2.44559
0.621439
0.945824
-0.272658
0.484334
-0.457394
0.547355
-0.0994738
-0.8437
0.228654
-0.243182
-0.398623
0.0256867
0.283922
-0.0547039
-0.574343
0.906892
0.135525
-1.73555
1.21213
0.536569
-0.984096
1.12484
0.180668
-0.531143
0.212959
-0.14389
-0.761108
-0.0397742
0.133946
-0.0476219
0.329362
-0.111035
0.660801
0.310423
-0.63767
0.427104
0.0798834
-0.358332
0.32295
0.0874727
-0.201618
0.183214
0.210212
-0.475817
-0.0641689
0.542656
0.0238109
0.0526271
0.102737
-0.0903342
-0.0273998
-0.196775
-0.141554
0.0086707
-0.0803619
-0.0159537
0.240779
0.258887
0.143258
0.121352
-0.0333812
0.0472199
0.180381
0.0617381
0.0315055
0.0735191
-0.156676
-0.200661
0.25168
-0.0776631
-0.225735
0.388038
0.0876545
-0.165844
0.253068
0.0864295
-0.186257
0.0651164
-0.164303
-0.141966
0.152111
-0.387464
-0.0386545
0.353556
-0.342579
-0.159987
0.194842
0.064035
0.0356016
-0.230836
-0.0288641
0.363528
-0.0826014
-0.210738
0.122203
-0.0667338
-0.265375
-0.178515
-0.0316586
-0.148014
-0.178448
0.0565797
0.063767
0.0789551
0.0287301
-0.11359
0.0305006
0.307657
0.0841996
-0.0150828
0.295062
0.0135229
-0.161087
-0.153584
-0.261021
-0.12696
-0.21337
0.0110441
0.250723
-0.0224041
-0.0414203
0.109236
0.0786105
-0.296756
-0.147402
0.145134
-0.233764
-0.182381
0.0167672
0.121189
-0.0751844
-0.220127
0.102823
0.0442818
0.0622549
0.0627143
0.0282037
0.0810988
0.140387
0.00195234
-0.259126
0.0717295
-0.0632119
-0.234798
0.16415
0.277549
0.00798164
0.0304527
0.355652
0.0482535
0.115265
0.149555
-0.0716434
0.119648
0.122443
0.131774
-0.157738
0.0680736
0.158283
-0.292411
-0.089492
-0.0131688
0.0601494
0.024433
0.055192
0.138588
-0.186612
-0.0284621
0.108135
-0.0852332
-0.0222223
0.169117
0.177041
0.0853193
0.143143
0.0402623
-0.0627525
0.0799887
0.10135
-0.123754
-0.135257
0.087042
0.00413438
-0.166265
-0.123457
0.0569529
0.00154082
-0.151488
0.14767
0.257355
-0.0258973
-0.0503016
0.122098
0.0233707
-0.151144
-0.119782
-0.0767348
-0.060226
-0.212662
-0.141698
-0.010623
-0.0433918
-0.0244426
-0.144866
-0.0355441
-0.0820367
-0.0249115
-0.258657
-0.20247
0.365261
-0.523678
0.477444
-0.396096
0.0523592
0.298192
-1.18686
2.15077
-2.82392
4.29818
-1.94097
-5.72954
12.3262
-11.1271
-1.71294
9.89156
-7.36672
3.19638
-0.54768
2.88392
-0.638713
-3.83836
3.22904
-2.28803
0.58309
-0.966573
-0.0333621
2.18107
-0.665682
0.0821037
-0.247412
-0.981263
1.76584
0.752916
-2.50406
2.19896
0.9858
-2.21214
1.66386
-0.042741
-1.31029
0.855308
-0.295196
0.224414
-0.115983
-0.201388
0.888613
-2.21783
0.663854
1.24405
-1.01765
2.11952
-1.44755
0.595561
1.6009
-1.5081
0.88045
-1.68883
0.326711
0.871597
-2.16614
0.888115
1.42203
-0.912453
-0.507581
1.44838
-0.0312279
-0.894154
0.592919
-0.278573
-0.597369
0.191531
0.0556035
0.279252
0.266093
0.0668678
-0.272467
-0.250417
0.630818
0.210145
-0.319026
-0.0614414
0.00754141
-0.278879
-0.561261
-0.0269309
-0.303264
-0.717601
0.316337
0.47039
-0.327946
-0.068332
0.479559
-0.111963
-0.49201
-0.0999811
-0.321677
-0.165136
-0.0663223
-0.541919
-0.0817113
0.0877311
-0.378755
-0.141516
0.229257
0.204585
0.406001
0.16125
-0.207322
0.108767
-0.263365
-0.441412
0.295101
-0.00260313
-0.394316
0.23475
0.203417
0.190172
0.310203
-0.101962
0.23521
0.290229
-0.0964688
0.103264
0.124816
-0.304451
-0.336703
0.106728
-0.0611734
-0.0661596
0.233372
0.114279
0.178075
0.255814
0.33275
0.184611
0.0369893
0.193579
-0.118959
-0.180592
0.114576
0.0369605
0.0166811
0.163193
0.235966
0.104565
0.0148148
0.153728
0.2499
-0.0301369
0.0538234
0.447431
0.0999811
0.0737105
0.215437
-0.213131
-0.117275
0.0639488
-0.0648197
0.142071
0.297397
0.301015
0.0828023
-0.153766
0.0974545
-0.0413629
-0.368754
-0.0761127
-0.0260121
-0.308174
-0.0690498
0.16214
-0.300182
-0.384028
-0.123744
-0.266543
0.00408652
0.167538
0.0376496
0.0701025
0.0194469
0.0470477
-0.0221648
-0.28977
-0.330042
0.033898
-0.152187
-0.300221
-0.0710021
-0.222988
-0.265873
-0.246704
-0.0503686
0.0702748
0.136942
0.227745
-0.00511055
-0.00537852
0.0221074
-0.0304049
-0.124271
-0.406882
-0.178984
0.124194
-0.161097
-0.192047
0.0114748
-0.138205
-0.355815
-0.133659
0.0872812
-0.193761
-0.123974
0.261021
0.340368
-0.0636617
-0.34411
0.084123
0.0908318
-0.162475
0.112547
0.330788
0.116251
-0.0727822
0.135286
0.0520338
-0.13808
-0.0299072
0.108489
0.355365
0.0827449
-0.0778641
0.292182
0.165949
-0.00401953
0.019667
0.163748
0.208642
0.0514691
0.196249
0.189119
0.059958
0.00471816
-0.0624463
0.0304049
0.0876258
0.0302613
-0.0283664
0.405264
0.00992441
-0.129352
0.483999
-0.126902
0.563088
-0.495723
0.565577
0.157786
-0.860074
1.44891
-2.27519
4.31476
-4.53111
-2.23181
10.6802
-12.7425
3.09847
7.7982
-7.13055
3.68616
-1.01342
3.21244
-3.034
-2.6207
3.33842
-3.20932
1.07601
-0.918003
0.645565
1.51083
-0.989417
0.67018
-0.899035
-0.353508
2.07847
-1.01069
-2.19694
2.37372
-0.491292
-2.06488
1.7252
-0.771099
-0.983417
1.12663
-0.0549432
-0.382564
-0.168179
1.34726
-2.0223
-0.86931
1.96833
-2.64973
2.74188
-0.00717773
-2.92881
3.45607
-0.930062
-1.12055
-0.00738828
-0.363423
0.204202
-0.737
-0.116394
-0.04566
0.574066
-0.500537
-0.251115
0.92188
-0.78043
0.0675186
1.75502
-1.45206
-0.40001
1.70255
-1.08283
0.689321
0.605332
-1.56168
0.128453
-0.112623
0.20982
0.966946
-0.364677
0.464486
0.526061
-0.447125
0.337066
0.212193
-0.255891
-0.0284047
0.331095
0.15301
0.0358121
0.264322
-0.408231
-0.441947
0.94347
0.139995
-0.737278
0.922272
0.219782
-0.441459
0.61162
-0.122136
-0.421735
0.0882
-0.0730693
0.281109
0.436894
-0.0532205
0.263394
0.195072
-0.2147
0.15859
0.281281
-0.139841
-0.124347
0.185731
-0.408078
-0.298364
0.463787
-0.102154
-0.064724
0.497809
0.00739785
0.12117
-0.00130156
-0.586526
0.16438
0.0421859
-0.745413
-0.017217
0.314366
-0.295694
-0.269108
-0.00534023
-0.0347881
-0.153269
-0.146541
0.026127
-0.235009
-0.222357
0.0147191
-0.263748
-0.0788498
-0.115973
-0.19198
-0.100393
-0.335928
0.110049
0.153795
-0.11381
-0.00407695
0.0369797
-0.0252561
-0.031582
-0.123199
-0.283042
0.277329
0.139315
-0.269845
0.165212
0.102795
-0.127917
-0.0500623
-0.0498422
-0.123438
0.0778449
0.133276
-0.0564457
0.178678
0.157594
0.0189014
-0.00114844
-0.280219
-0.00139727
0.122519
-0.137085
0.140262
0.327305
-0.00678535
-0.0772803
0.188755
-0.172811
-0.0198297
0.314605
0.0139918
0.155106
0.314346
0.122778
-0.202326
0.147622
0.104173
-0.223342
0.178429
0.219055
0.089626
-0.0718252
0.209293
0.238684
-0.234588
0.0069002
0.423238
0.123093
-0.0960764
0.417735
0.192363
-0.348379
-0.124893
0.181003
-0.171596
-0.293981
0.324491
0.131132
-0.252044
0.0835775
0.183654
-0.434856
-0.539861
0.132051
0.0159633
-0.391349
-0.0772994
0.250513
-0.100948
-0.237631
0.123936
0.150541
-0.00456504
-0.0575463
0.0892527
0.13141
-0.164887
-0.338502
-0.300881
-0.166179
-0.181386
-0.285664
-0.0280219
0.178726
0.123782
-0.0134846
0.0402527
0.268189
-0.0487512
-0.247613
0.177213
0.119016
-0.333679
-0.177032
0.0494402
0.0368457
-0.18463
-0.208968
0.406231
-0.228166
0.0118863
0.363356
-0.16416
0.382535
-0.809601
1.54231
-0.847088
-2.56792
4.87431
-2.93221
-3.32896
5.06483
-0.972774
-0.948801
0.776736
1.89462
0.186813
-2.83457
0.963797
0.477673
-0.561921
-0.72898
0.504595
1.67531
-0.686373
-0.0819506
0.573893
-0.36573
0.816185
0.373989
-1.47318
0.578879
0.74971
-1.09062
0.332128
0.00915879
-0.305609
0.158905
0.461423
0.0497178
-0.733986
2.33595
-1.12786
-2.05654
2.78353
-2.11303
-0.485569
2.70287
-2.30892
-0.185568
1.47399
-0.547144
-0.231276
-0.729937
-0.122854
-0.0407408
-0.179137
0.698164
-0.54657
-0.329803
0.832971
0.04811
-0.632387
-0.11782
0.770544
-0.816769
-1.23726
1.11435
-0.353623
-0.670965
1.52578
-0.587435
-0.975081
0.512375
-0.128395
0.610663
0.0866688
-0.534483
0.859328
-0.437134
-1.02432
0.50337
-0.0265672
-0.596556
-0.0628674
0.353212
0.189894
0.0180305
0.16839
-0.191598
0.1303
0.320299
-0.445498
0.180831
0.474305
-0.552705
-0.0139248
0.506289
-0.388497
-0.244541
0.251278
0.184841
0.542752
0.155039
-0.103685
0.477377
-0.149996
-0.344684
0.360294
0.00447891
-0.0734234
0.300996
0.0402814
0.0954256
0.255384
-0.0863529
-0.088066
0.169375
0.10089
0.00397168
-0.0253996
-0.0790891
0.0932244
0.153422
0.242732
0.347565
0.194096
0.129094
-0.0365777
-0.0429229
-0.173711
-0.238224
-0.113293
-0.374649
-0.197139
-0.0195617
-0.145976
-0.190574
-0.166782
0.0750887
0.102163
0.0826971
0.229697
0.424482
0.374515
-0.00291895
-0.0161547
0.0089291
-0.43878
-0.343718
-0.18487
-0.490833
-0.031649
-0.0193129
-0.328032
0.21916
0.212585
0.0116471
0.114384
0.182171
0.326855
0.233334
0.0815773
-0.181281
-0.305159
-0.095617
-0.314079
-0.525113
-0.152331
0.132606
0.00497656
0.0222127
0.155642
0.112145
0.137286
-0.0934541
-0.309676
0.081252
0.330807
-0.0473252
-0.0814051
0.212499
-0.100335
-0.407456
-0.318069
-0.0427123
0.14699
0.0147287
0.198201
0.586019
0.264227
-0.308863
-0.15258
0.0417074
-0.18866
-0.0878268
0.159537
0.275501
0.276831
-0.0679684
-0.250216
-0.0875492
-0.0330654
-0.116844
0.0858457
0.316682
0.14032
0.01626
-0.190775
-0.327056
-0.0722654
-0.17062
-0.159049
0.438722
0.351441
-0.143258
0.101455
0.287444
-0.379817
-0.555021
-0.0162887
-0.0147574
-0.0591445
0.0189396
0.212078
0.242445
-0.0566658
0.0446072
0.182238
0.0961529
-0.131927
-0.119026
0.233123
0.0165184
-0.325438
-0.0961051
0.010202
-0.113016
-0.152283
0.107388
0.437842
0.207245
-0.143957
0.123371
0.150464
-0.248991
-0.175921
-0.101464
0.080448
-0.064992
0.145737
-0.0585416
0.028443
0.296201
-0.501178
0.868879
-0.784488
-0.516787
1.30645
-0.658217
-0.273098
-0.230434
0.713534
-0.226615
-0.187253
1.18579
-0.0582545
-0.25078
-0.146368
0.866774
-0.588354
-1.08159
0.512959
0.337803
-0.108393
0.0282611
0.198862
-0.0581779
0.461538
0.249374
-0.675253
0.022452
0.799131
-0.583119
-0.121084
-0.074859
-0.0202316
-0.0133506
-0.752619
0.964027
-1.76381
3.21887
-1.27456
-4.31525
7.80052
-6.41324
-0.61317
6.87051
-6.30657
2.64707
0.961223
-0.508978
-0.238224
-1.42201
2.036
-2.7501
-0.215208
1.63679
-0.580631
-0.388813
0.684469
0.977971
-0.778784
-0.963711
1.65801
0.0217916
-2.67619
1.84549
-0.0498613
-2.30906
2.56647
-0.129611
-2.13217
1.03591
0.0273998
0.207647
0.688842
-0.332894
0.212624
-0.724492
-0.200288
0.515668
-0.707495
-0.364237
0.0465883
0.558724
0.309772
0.0503303
0.99069
-0.724942
-0.575042
0.897581
-0.888556
-0.104594
0.744302
-0.600193
-0.0441766
0.317639
-0.258982
0.0789359
0.289244
-0.146062
0.32339
0.654131
0.307647
0.131343
-0.285023
-0.00773281
-0.0240023
-0.892068
-0.145756
0.765635
-0.124223
-0.355413
0.6782
0.511457
-0.0868314
0.305848
0.179338
-0.00481387
0.13208
-0.395063
-0.309513
0.209944
-0.0352475
-0.24388
-0.0494115
0.147115
0.246751
0.196708
-0.093923
0.149728
0.530913
-0.256676
-0.410787
0.303235
-0.126051
-0.396555
0.106498
0.135353
-0.108125
0.0822855
0.217734
-0.182238
-0.0234855
-0.0604461
-0.189971
0.143277
-0.111121
0.0238396
-0.0398029
-0.328654
-0.169021
-0.250331
-0.22763
0.047775
0.00698633
-0.00197148
0.322261
-0.00434492
-0.0996365
0.00432578
-0.117026
0.0761414
-0.369596
-0.332166
0.599551
-0.0354389
-0.779397
0.482018
0.673578
-0.580334
-0.34633
0.45146
0.0457748
-0.492096
-0.188353
0.18621
0.111724
-0.168294
0.0451049
0.176859
-0.138214
0.205427
0.176285
-0.190842
0.195579
0.220758
-0.146167
0.02695
0.123065
0.0323572
0.0286152
-0.0821324
0.140483
0.0867453
0.112078
0.137267
-0.135229
0.13253
0.17439
0.0725717
0.147163
0.201426
-0.0461768
-0.0777014
0.0586564
-0.0976842
-0.0301561
-0.061384
0.169088
0.239009
-0.0212652
-0.16037
0.152082
0.468725
-0.339804
-0.16616
0.614184
-0.151823
-0.40759
0.366734
0.218433
-0.719142
-0.290899
0.86952
-0.280688
-0.879722
0.5566
0.289665
-0.47062
-0.00443105
0.356197
-0.0117715
-0.279625
0.0755863
0.0812328
-0.274132
-0.117945
0.117035
-0.190813
-0.282286
-0.00444063
-0.0291033
-0.239239
-0.0544934
0.190287
-0.293512
-0.141038
0.238339
-0.286076
-0.208652
0.396986
0.284162
-0.509571
0.354829
0.118366
-0.405121
-0.0886689
-0.271041
0.551499
-1.21776
0.121361
1.13964
-0.75305
-0.0585129
0.563921
0.639144
-1.14057
-0.342856
0.38019
-0.0830225
-0.0162982
-0.508145
0.732694
0.561701
-0.45147
-0.366256
0.44011
0.0623506
-0.315323
0.0509906
0.0549623
0.50625
-0.356083
0.211839
-0.562897
0.0541967
1.21685
-1.50973
1.81786
-2.17846
2.93162
0.709801
-8.41515
10.1234
-4.75802
-4.35535
9.49191
-6.15305
2.2806
1.65091
0.380535
-1.11706
-2.41047
3.99841
-3.19125
-0.56061
1.41899
-0.410538
-0.147746
-0.150034
1.65857
-0.347173
-1.74289
2.0124
1.04569
-3.70803
2.00952
1.92276
-3.40379
1.86506
1.14851
-2.47374
0.766907
0.618424
0.0389895
-0.241335
-0.487272
0.935192
-0.805629
-0.821573
0.516749
-0.0692316
0.0164992
-0.170859
0.676047
0.58623
-0.884517
0.862563
-0.109762
-1.41447
1.07359
-0.459882
-0.69269
1.09884
-0.519161
-0.58176
0.578985
-0.256762
-0.616787
0.12585
-0.120682
0.237573
0.309839
-0.224079
0.553212
0.0245861
-0.400987
0.398508
-0.121983
-0.39557
0.0844102
-0.0102211
-0.448819
-0.264026
0.135573
-0.291014
-0.173653
0.251336
-0.0915496
-0.048177
0.102402
0.03586
0.164265
-0.0679301
-0.0064791
0.107714
-0.300087
-0.111331
0.140999
-0.0719305
0.0190162
0.156819
-0.059757
-0.0967367
0.166074
0.118356
-0.20045
0.0112355
0.310777
0.0331516
-0.172763
-0.0778928
0.0709447
0.0408748
-0.303676
-0.243325
0.321888
0.0280027
0.00178008
0.417352
-0.101072
0.269787
0.411112
-0.272629
0.177137
0.319476
-0.0556992
-0.0386545
-0.0396402
0.0406834
-0.0106135
-0.264954
-0.0106996
0.0949471
-0.041449
0.125036
0.0657289
0.188468
0.170648
0.0732416
0.2588
0.13519
0.101618
0.289043
0.24723
-0.00749355
0.000947461
9.57031e-006
-0.146474
-0.0167002
0.0198775
-0.0733756
-0.0209111
0.00646953
0.0550484
-0.0147479
-0.150196
-0.0453633
0.0456121
0.0600633
0.00842188
-0.0734713
-0.0723324
-0.0730215
-0.0886689
-0.0701217
-0.0769357
-0.0113121
-0.136712
-0.322175
0.00687148
0.00534023
-0.235774
-0.173845
-0.00824004
0.119418
-0.120892
-0.104661
-0.0659586
-0.124759
-0.054034
-0.161901
0.138004
0.246933
-0.126893
-0.079424
0.119371
-0.0737201
-0.275233
-0.135496
-0.0608768
-0.105159
-0.00159824
-0.0020002
-0.0481195
-0.0126807
-0.129678
-0.134501
0.0436406
0.0610395
-0.0935498
0.0572018
0.196402
-0.0288545
0.114136
0.197512
0.039468
0.090717
0.0976842
0.0286248
-0.116308
0.00623984
0.0123744
-0.295503
-0.154226
0.0195904
-0.0610395
-0.0120682
0.255374
0.282238
0.219811
0.381434
0.128979
0.372017
0.327123
-0.120892
0.165404
-0.181405
0.297771
0.141966
-0.487971
0.389091
0.0507227
-0.306977
-0.0284238
0.252962
0.180554
-0.0309504
0.113427
-0.0188057
0.0258781
-0.11938
-0.19533
-0.00366543
0.0398699
-0.0987752
0.0518615
0.137382
0.0532492
-0.131812
-0.253192
0.0898939
-0.775722
0.271443
-0.328357
-0.0750887
0.652533
-1.54447
2.1844
-2.73173
3.36057
-0.070983
-7.59596
11.7352
-7.73137
-4.14616
10.2425
-7.14202
1.41296
1.05232
1.50149
-1.72394
-2.84557
3.33608
-3.06283
-0.0843145
0.493618
-0.060293
0.646274
0.379425
1.1865
-0.350714
-1.39613
1.48636
0.787579
-3.81593
1.7528
1.52057
-3.20395
1.96807
0.61295
-2.24037
1.29845
0.254302
-0.011025
0.527363
-0.251316
0.726655
-0.19533
-0.106116
0.318835
-0.134539
0.172112
-0.0441479
0.546618
0.420271
-0.352685
1.03264
-0.309963
-1.1023
1.38275
-0.541287
-0.676994
1.55135
-0.0476027
-0.371807
0.855931
0.0315246
-0.320089
0.352006
-0.204613
0.279357
0.416146
-0.263222
0.483473
0.0381281
-0.278142
0.271567
-0.351824
-0.315208
0.156561
0.130338
0.0946982
0.0891283
0.10758
-0.0929756
0.127199
-0.062877
-0.500929
-0.0309025
-0.0693656
-0.229563
-0.126405
-0.49111
-0.255814
0.129821
-0.139248
-0.294258
0.0494594
0.296699
0.172122
-0.0266438
-0.3871
-0.122404
0.180209
-0.278802
-0.418098
0.0182506
0.205647
-0.10491
-0.0786584
-0.196364
-0.189406
-0.0300795
-0.519046
-0.235449
0.215801
-0.356915
-0.236521
0.407915
-0.101512
-0.229506
0.202824
-0.0907553
0.0473635
0.190105
-0.164016
-0.00116758
-0.0143459
-0.19267
0.0329219
-0.0895686
-0.0470764
0.078266
-0.16125
-0.0688775
0.0204422
-0.00378984
0.154302
0.0319266
0.0325486
0.423056
0.17997
0.0397072
0.0823621
-0.0257537
0.208231
0.0720357
0.103934
0.0594699
0.0348168
0.317428
-0.0316682
0.00974258
0.24122
0.0305389
0.0907266
0.294967
0.185463
-0.0844293
0.0815582
0.0227199
-0.196689
0.217093
0.00810605
-0.32005
0.210882
0.324587
0.0767156
0.0340512
0.259107
0.211418
-0.0875492
0.141057
0.00788594
-0.17663
-0.00418223
-0.168208
-0.0673271
0.0772229
0.03185
0.0408748
0.0861807
0.261863
0.0556609
-0.0276008
0.139478
0.145009
0.0615371
-0.0833096
0.171328
-0.120691
-0.292574
-0.0297445
-0.354571
-0.204738
0.151096
0.105771
-0.322041
-0.0755768
0.201158
-0.240713
0.00109102
0.0711361
0.0909467
0.0596135
-0.0699303
0.072543
-0.209389
-0.215476
-0.15079
0.00653652
0.129352
-0.328922
-0.200058
0.168227
-0.123869
-0.251556
0.197014
0.125649
-0.343115
-0.0296584
0.164265
-0.244483
-0.166858
0.152733
0.0964592
0.0201264
-0.126051
-0.109054
0.11314
-0.210346
-0.148522
0.21472
-0.0374486
-0.132415
-0.000497656
0.107101
-0.0772707
-0.202919
0.0345775
0.194402
-0.180783
-0.27128
0.2225
-0.0115227
-0.240023
-0.211954
0.0340225
0.368361
-0.18888
0.0197723
0.394278
-0.43722
0.556006
-0.683167
0.319859
0.217945
-1.12559
1.90011
-2.7883
4.99682
-2.96006
-4.13425
12.13
-12.1605
0.24835
9.10222
-7.84043
3.3318
0.87487
1.75661
-2.14215
-1.98951
2.40558
-2.63602
0.683272
-0.112308
0.176869
1.01936
0.630004
0.363212
-1.17785
-0.690823
2.06401
-0.171787
-3.04346
2.76283
0.508413
-2.43307
2.60997
-0.634981
-1.78789
2.1953
-0.286832
-0.541134
-0.0375252
-0.607466
0.593321
-1.12816
0.0773377
0.548168
-0.140693
0.651757
-0.490766
1.2486
0.0844963
-0.760036
1.01571
-1.20283
-0.248541
0.356887
-1.54038
0.654102
1.15367
-1.1342
-0.0365682
1.37765
-0.462304
-0.835862
0.373185
-0.0818166
-0.351967
-0.399331
0.26639
0.626166
-0.464667
-0.161604
0.0465979
-0.354542
0.170974
0.426826
-0.072208
-0.133515
0.387559
-0.250723
-0.406891
0.303991
-0.289224
-0.503456
0.13253
0.205207
0.107953
0.222184
0.00227773
-0.050158
0.119638
0.18376
0.334195
-0.0752227
-0.248713
0.0934732
0.098134
-0.355614
-0.37017
0.205972
0.190028
0.0657098
0.172141
0.27506
0.241315
0.245086
-0.0409992
-0.263069
0.332511
-0.0156666
-0.268026
0.0522635
-0.102288
0.27997
0.0540436
-0.172467
0.307293
0.0864869
-0.304365
-0.0443584
-0.00900566
-0.272725
0.180113
0.190354
0.122557
0.332635
-0.0532971
-0.0870803
0.0360896
-0.00342617
-0.137746
-0.164207
0.369759
0.424654
-0.315064
-0.284927
0.292019
-0.144732
-0.517945
-0.0664563
0.118567
0.0182697
0.159451
0.118222
-0.225745
-0.0140492
0.0945547
-0.0390756
-0.0867453
-0.00771367
0.222739
-0.112394
-0.100948
-0.20581
-0.355269
-0.0267873
-0.171088
-0.13943
-0.0871951
0.045057
0.134903
0.113686
0.125486
-0.0769836
0.0196957
-0.0905926
0.011848
-0.0978469
-0.384315
0.0187865
-0.0832043
-0.142483
-0.127706
-0.239344
0.0702557
0.0834914
-0.0798451
0.123983
0.429276
0.187549
0.146923
0.072007
-0.496527
-0.296546
-0.0410279
-0.117514
-0.0113312
0.0942484
0.283387
0.360313
0.22073
0.199799
0.0784574
-0.0968037
-0.0337449
0.0767443
0.132491
-0.0020002
-0.0363193
-0.251919
-0.105044
0.240512
0.0210738
0.145517
0.294785
0.314289
0.205924
0.00800078
-0.0198488
-0.0981244
-0.122701
-0.0510289
0.0604652
0.0165758
0.0608098
0.143229
0.0148723
0.0251221
0.133334
0.104374
0.0578525
0.0708777
0.0420998
-0.0702365
-0.195206
-0.0399273
0.219112
-0.113265
-0.359959
0.0550293
0.247555
0.0527037
0.000334961
0.188966
0.0227869
-0.0739689
0.209111
-0.0394393
-0.355116
-0.274601
0.00309121
0.118136
-0.138894
0.131276
0.305475
-0.122347
0.209877
-0.327793
0.369558
-0.276726
-0.411064
0.773262
-1.75707
2.0991
-2.53542
2.54853
0.309303
-9.44741
13.6042
-7.39075
-7.14959
13.8953
-7.60752
1.71461
0.588354
1.1862
0.490613
-5.68566
4.63582
-2.26013
-0.210384
0.0857979
-1.09602
2.33049
-0.643221
0.370505
-0.0615658
-1.30221
1.86319
1.10538
-3.53784
1.39201
1.63147
-3.11462
1.20756
0.731794
-1.80093
1.3289
0.406202
-0.358198
0.0674324
-0.250541
0.593513
-2.14717
0.31938
0.491349
-0.610414
2.03687
-2.16806
0.985407
1.60317
-1.68314
0.619247
-0.598039
0.146407
0.20358
-0.659567
0.216739
0.658265
-0.0159346
-0.816281
0.74659
0.702088
-0.630875
0.695245
0.218663
-0.648054
0.713964
0.00651738
0.440502
0.36594
-0.511926
0.288267
-0.116844
0.162647
0.518548
-0.00483301
0.272735
0.133113
-0.556102
0.143995
0.373003
-0.517036
-0.424711
0.35437
0.487751
-0.55971
-0.250694
0.779846
0.0676525
0.0824865
0.645843
-0.0678248
0.197847
0.270696
-0.359461
0.470103
0.0447221
-0.874392
-0.0795102
0.0657768
-0.396221
0.119256
0.464974
-0.285894
-0.301752
0.187061
-0.0321563
0.0784383
0.00385684
-0.336789
0.0605131
0.207111
0.019198
-0.000468945
-0.380803
-0.104977
0.180534
-0.542972
-0.0786967
0.437181
-0.549843
-0.511878
0.124232
-0.253977
-0.322261
-0.068734
-0.140167
-0.229008
-0.280113
-0.143813
0.00103359
-0.127563
-0.294842
-0.186669
0.0593742
-0.0243373
-0.0912051
0.137707
-0.00729258
-0.0968133
0.0122309
-0.196584
0.0303666
0.271175
-0.193186
-0.0517754
0.414184
-0.102192
-0.305551
0.177539
-0.0695379
-0.204814
0.107341
0.0337449
0.113379
0.21894
0.339239
0.163939
-0.0565605
0.269979
0.0434971
-0.0489521
0.180869
-0.0115131
-0.175041
-0.234099
0.180075
0.327171
-0.164418
-0.112518
0.264734
0.458896
0.191387
-0.081185
0.342053
0.205915
-0.211198
0.216203
0.291962
-0.115169
-0.0458896
0.188813
0.066016
-0.126481
-0.0133027
0.285683
0.206594
-0.0185281
0.219017
0.206413
0.0098
0.0464926
0.185932
0.0685617
-0.20535
0.0816252
0.032941
-0.265059
-0.0461959
0.00386641
-0.132683
-0.115016
-0.0824195
-0.139459
-0.0232654
0.109303
-0.253508
-0.351479
0.080448
0.037018
-0.268447
-0.193933
0.0494881
-0.125065
-0.375376
0.0324146
0.272132
-0.163461
-0.151173
0.256188
-0.0398125
-0.222759
0.091674
0.0298402
-0.348522
-0.382277
0.00702461
-0.00394297
-0.227104
-0.179061
0.0569912
-0.0689541
-0.190401
0.241689
0.247201
-0.0866018
-0.205034
0.0847643
0.0484545
-0.226242
-0.00739785
-0.0683703
-0.151967
0.00868984
0.0746676
0.0396307
0.0765816
0.0616615
0.216375
-0.166734
-0.39245
0.406336
-0.419936
0.420587
-0.193942
0.517792
1.1425
-4.0337
4.14417
0.591082
-6.55722
5.81442
0.572295
-1.80191
1.13917
1.03298
1.44831
-3.92458
0.958285
0.405552
-0.856849
0.172677
-0.555164
2.21249
-0.247373
0.21093
-0.00252656
-0.823535
1.31277
0.298029
-1.43729
-0.0706289
1.15856
-1.21458
-0.288248
0.949643
-0.756036
0.179587
1.2498
-0.394479
-0.128328
1.90709
-1.70849
-1.81688
2.03138
-2.50245
0.788996
3.02155
-3.71459
1.51416
1.63897
-1.75282
0.0962869
-0.401494
0.659835
-1.54581
-0.177606
1.6427
-1.11121
-0.182075
0.0855777
-0.0782086
-0.0681406
-0.997887
1.19293
-0.140387
-1.81579
1.79008
-0.411753
-1.14757
1.99096
-0.757816
-1.01457
0.454312
-0.0831564
0.830521
0.0502346
-0.320146
0.151211
-0.843556
-0.163786
0.642292
-0.498441
-0.824004
0.238789
0.676344
0.0678918
-0.21159
0.39043
-0.188822
-0.28486
0.767223
-0.311322
-0.0524453
0.771913
-0.271146
-0.0253996
0.100421
-0.398642
-0.283052
0.1167
0.342263
0.284535
0.365088
0.17328
0.130549
0.243631
-0.0429324
0.022251
0.0984689
0.0537277
0.18976
0.109149
-0.0245383
-0.0871568
-0.147727
-0.140377
0.239736
0.199177
0.049957
0.314299
0.215983
0.169194
-0.0353623
-0.234109
0.0419467
-0.104154
-0.103886
0.449556
0.234903
0.00670879
0.0904873
-0.0828885
-0.0208059
-0.190248
-0.365069
-0.111456
0.0906691
0.08731
0.0305771
-0.0452006
0.0944303
0.123323
-0.165289
0.0517658
0.0690498
0.0106422
0.202977
-0.313925
-0.231726
0.144847
-0.256063
-0.275309
-0.0493637
0.0796537
0.0646379
-0.0128721
0.353192
